LR2B4.0 c.Y 1398
2.500000e-001	










1002.609	
1002.392	
1002.176	
1001.959	
1001.742	
1001.526	
1001.309	
1001.092	
1000.876	
1000.659	
1000.442	
1000.226	
1000.009	
999.793	
999.576	
999.359	
999.143	
998.926	
998.709	
998.493	
998.276	
998.059	
997.843	
997.626	
997.409	
997.193	
996.976	
996.760	
996.543	
996.326	
996.110	
995.893	
995.676	
995.460	
995.243	
995.026	
994.810	
994.593	
994.377	
994.160	
993.943	
993.727	
993.510	
993.293	
993.077	
992.860	
992.643	
992.427	
992.210	
991.993	
991.777	
991.560	
991.344	
991.127	
990.910	
990.694	
990.477	
990.260	
990.044	
989.827	
989.610	
989.394	
989.177	
988.961	
988.744	
988.527	
988.311	
988.094	
987.877	
987.661	
987.444	
987.227	
987.011	
986.794	
986.577	
986.361	
986.144	
985.928	
985.711	
985.494	
985.278	
985.061	
984.844	
984.628	
984.411	
984.194	
983.978	
983.761	
983.544	
983.328	
983.111	
982.895	
982.678	
982.461	
982.245	
982.028	
981.811	
981.595	
981.378	
981.161	
980.945	
980.728	
980.512	
980.295	
980.078	
979.862	
979.645	
979.428	
979.212	
978.995	
978.778	
978.562	
978.345	
978.129	
977.912	
977.695	
977.479	
977.262	
977.045	
976.829	
976.612	
976.395	
976.179	
975.962	
975.745	
975.529	
975.312	
975.096	
974.879	
974.662	
974.446	
974.229	
974.012	
973.796	
973.579	
973.362	
973.146	
972.929	
972.712	
972.496	
972.279	
972.063	
971.846	
971.629	
971.413	
971.196	
970.979	
970.763	
970.546	
970.329	
970.113	
969.896	
969.680	
969.463	
969.246	
969.030	
968.813	
968.596	
968.380	
968.163	
967.946	
967.730	
967.513	
967.296	
967.080	
966.863	
966.647	
966.430	
966.213	
965.997	
965.780	
965.572	
965.364	
965.156	
964.948	
964.740	
964.531	
964.323	
964.115	
963.907	
963.699	
963.491	
963.283	
963.075	
962.867	
962.659	
962.451	
962.242	
962.034	
961.826	
961.618	
961.410	
961.202	
960.994	
960.786	
960.578	
960.370	
960.161	
959.953	
959.745	
959.537	
959.329	
959.121	
958.913	
958.705	
958.497	
958.289	
958.081	
957.872	
957.664	
957.456	
957.248	
957.040	
956.832	
956.624	
956.416	
956.208	
956.000	
955.792	
955.583	
955.375	
955.167	
954.959	
954.751	
954.543	
954.335	
954.127	
953.919	
953.711	
953.502	
953.294	
953.086	
952.878	
952.670	
952.462	
952.254	
952.046	
951.838	
951.630	
951.422	
951.213	
951.005	
950.797	
950.589	
950.381	
950.173	
949.965	
949.757	
949.549	
949.341	
949.133	
948.924	
948.716	
948.508	
948.300	
948.092	
947.884	
947.676	
947.468	
947.260	
947.052	
946.843	
946.635	
946.427	
946.219	
946.011	
945.803	
945.595	
945.387	
945.179	
944.971	
944.763	
944.554	
944.346	
944.138	
943.930	
943.722	
943.514	
943.306	
943.098	
942.890	
942.682	
942.474	
942.265	
942.057	
941.849	
941.641	
941.433	
941.225	
941.017	
940.809	
940.601	
940.393	
940.185	
939.976	
939.768	
939.560	
939.352	
939.144	
938.936	
938.728	
938.520	
938.312	
938.104	
937.895	
937.687	
937.479	
937.271	
937.063	
936.855	
936.647	
936.439	
936.231	
936.023	
935.815	
935.606	
935.398	
935.190	
934.982	
934.774	
934.566	
934.358	
934.150	
933.942	
933.734	
933.526	
933.317	
933.109	
932.901	
932.693	
932.485	
932.277	
932.069	
931.861	
931.653	
931.445	
931.236	
931.028	
930.820	
930.612	
930.404	
930.196	
929.988	
929.780	
929.572	
929.364	
929.156	
928.947	
928.739	
928.531	
928.323	
928.115	
927.907	
927.699	
927.491	
927.283	
927.075	
926.867	
926.658	
926.450	
926.242	
926.034	
925.826	
925.618	
925.410	
925.202	
924.994	
924.786	
924.578	
924.369	
924.161	
923.953	
923.745	
923.537	
923.329	
923.121	
922.913	
922.705	
922.497	
922.288	
922.080	
921.872	
921.664	
921.456	
921.248	
921.040	
920.832	
920.624	
920.416	
920.208	
919.999	
919.791	
919.583	
919.375	
919.167	
918.959	
918.751	
918.543	
918.335	
918.127	
917.919	
917.710	
917.502	
917.294	
917.086	
916.878	
916.670	
916.462	
916.254	
916.046	
915.838	
915.629	
915.421	
915.213	
915.005	
914.797	
914.589	
914.381	
914.173	
913.965	
913.757	
913.549	
913.340	
913.132	
912.924	
912.716	
912.508	
912.300	
912.093	
911.887	
911.681	
911.474	
911.268	
911.061	
910.855	
910.648	
910.442	
910.235	
910.029	
909.822	
909.616	
909.409	
909.203	
908.996	
908.790	
908.583	
908.377	
908.170	
907.964	
907.757	
907.551	
907.344	
907.138	
906.931	
906.725	
906.518	
906.312	
906.105	
905.899	
905.692	
905.486	
905.279	
905.073	
904.866	
904.660	
904.453	
904.247	
904.040	
903.834	
903.627	
903.421	
903.214	
903.008	
902.801	
902.595	
902.388	
902.182	
901.975	
901.769	
901.562	
901.356	
901.149	
900.943	
900.736	
900.530	
900.323	
900.117	
899.910	
899.704	
899.497	
899.291	
899.084	
898.878	
898.671	
898.465	
898.258	
898.052	
897.845	
897.639	
897.432	
897.226	
897.019	
896.813	
896.606	
896.400	
896.193	
895.987	
895.780	
895.574	
895.367	
895.161	
894.954	
894.748	
894.541	
894.335	
894.128	
893.922	
893.715	
893.509	
893.302	
893.096	
892.889	
892.683	
892.476	
892.270	
892.063	
891.857	
891.650	
891.444	
891.237	
891.031	
890.824	
890.618	
890.411	
890.205	
889.998	
889.792	
889.585	
889.379	
889.172	
888.966	
888.759	
888.553	
888.346	
888.140	
887.933	
887.727	
887.520	
887.314	
887.107	
886.901	
886.695	
886.488	
886.282	
886.075	
885.869	
885.662	
885.456	
885.249	
885.043	
884.836	
884.630	
884.423	
884.217	
884.010	
883.804	
883.597	
883.391	
883.184	
882.978	
882.771	
882.565	
882.358	
882.152	
881.945	
881.739	
881.532	
881.326	
881.119	
880.913	
880.706	
880.500	
880.293	
880.087	
879.880	
879.674	
879.467	
879.261	
879.054	
878.848	
878.641	
878.435	
878.228	
878.022	
877.815	
877.609	
877.402	
877.196	
876.989	
876.783	
876.576	
876.370	
876.163	
875.957	
875.750	
875.544	
875.337	
875.131	
874.924	
874.718	
874.511	
874.305	
874.098	
873.892	
873.685	
873.479	
873.272	
873.066	
872.859	
872.653	
872.446	
872.240	
872.033	
871.827	
871.620	
871.414	
871.207	
871.001	
870.794	
870.588	
870.381	
870.175	
869.968	
869.762	
869.555	
869.349	
869.142	
868.936	
868.729	
868.523	
868.316	
868.110	
867.903	
867.697	
867.490	
867.284	
867.077	
866.871	
866.664	
866.458	
866.251	
866.045	
865.838	
865.632	
865.425	
865.219	
865.012	
864.806	
864.599	
864.393	
864.186	
863.980	
863.773	
863.567	
863.360	
863.154	
862.947	
862.741	
862.534	
862.328	
862.121	
861.915	
861.708	
861.502	
861.296	
861.089	
860.883	
860.676	
860.470	
860.263	
860.057	
859.850	
859.644	
859.437	
859.231	
859.024	
858.818	
858.611	
858.405	
858.198	
857.992	
857.785	
857.579	
857.372	
857.166	
856.959	
856.753	
856.546	
856.340	
856.133	
855.927	
855.720	
855.514	
855.307	
855.101	
854.894	
854.688	
854.481	
854.275	
854.068	
853.862	
853.655	
853.449	
853.242	
853.036	
852.829	
852.623	
852.416	
852.210	
852.003	
851.797	
851.590	
851.384	
851.177	
850.971	
850.764	
850.558	
850.351	
850.145	
849.938	
849.732	
849.525	
849.319	
849.112	
848.906	
848.699	
848.493	
848.286	
848.080	
847.873	
847.667	
847.460	
847.254	
847.047	
846.841	
846.634	
846.428	
846.221	
846.015	
845.808	
845.602	
845.395	
845.189	
844.982	
844.776	
844.569	
844.363	
844.156	
843.950	
843.743	
843.537	
843.330	
843.124	
842.917	
842.711	
842.504	
842.298	
842.091	
841.885	
841.678	
841.472	
841.265	
841.059	
840.852	
840.646	
840.439	
840.233	
840.026	
839.820	
839.613	
839.407	
839.200	
838.994	
838.787	
838.581	
838.374	
838.168	
837.961	
837.755	
837.548	
837.342	
837.135	
836.929	
836.722	
836.516	
836.310	
836.103	
835.897	
835.690	
835.484	
835.277	
835.071	
834.864	
834.658	
834.451	
834.245	
834.038	
833.832	
833.625	
833.419	
833.212	
833.006	
832.799	
832.593	
832.386	
832.180	
831.973	
831.767	
831.560	
831.354	
831.147	
830.941	
830.734	
830.528	
830.321	
830.115	
829.908	
829.702	
829.495	
829.289	
829.082	
828.876	
828.669	
828.463	
828.256	
828.050	
827.843	
827.637	
827.430	
827.224	
827.017	
826.811	
826.604	
826.398	
826.191	
825.985	
825.778	
825.572	
825.365	
825.159	
824.952	
824.746	
824.539	
824.333	
824.126	
823.920	
823.713	
823.507	
823.300	
823.094	
822.887	
822.681	
822.474	
822.268	
822.061	
821.855	
821.648	
821.442	
821.235	
821.029	
820.822	
820.616	
820.409	
820.203	
819.996	
819.790	
819.583	
819.377	
819.170	
818.964	
818.757	
818.551	
818.344	
818.138	
817.931	
817.725	
817.518	
817.312	
817.105	
816.899	
816.692	
816.486	
816.279	
816.073	
815.866	
815.660	
815.453	
815.247	
815.040	
814.834	
814.627	
814.421	
814.214	
814.008	
813.801	
813.595	
813.388	
813.182	
812.975	
812.769	
812.562	
812.356	
812.149	
811.943	
811.736	
811.530	
811.326	
811.121	
810.917	
810.712	
810.508	
810.304	
810.099	
809.895	
809.691	
809.486	
809.282	
809.077	
808.873	
808.669	
808.464	
808.260	
808.055	
807.851	
807.647	
807.442	
807.238	
807.034	
806.829	
806.625	
806.420	
806.216	
806.012	
805.807	
805.603	
805.399	
805.194	
804.990	
804.785	
804.581	
804.377	
804.172	
803.968	
803.763	
803.559	
803.355	
803.150	
802.946	
802.742	
802.537	
802.333	
802.128	
801.924	
801.720	
801.515	
801.311	
801.106	
800.902	
800.698	
800.493	
800.289	
800.085	
799.880	
799.676	
799.471	
799.267	
799.063	
798.858	
798.654	
798.449	
798.245	
798.041	
797.836	
797.632	
797.428	
797.223	
797.019	
796.814	
796.610	
796.406	
796.201	
795.997	
795.793	
795.588	
795.384	
795.179	
794.975	
794.771	
794.566	
794.362	
794.157	
793.953	
793.749	
793.544	
793.340	
793.136	
792.931	
792.727	
792.522	
792.318	
792.114	
791.909	
791.705	
791.500	
791.296	
791.092	
790.887	
790.683	
790.479	
790.274	
790.070	
789.865	
789.661	
789.457	
789.252	
789.048	
788.843	
788.639	
788.435	
788.230	
788.026	
787.822	
787.617	
787.413	
787.208	
787.004	
786.800	
786.595	
786.391	
786.187	
785.982	
785.778	
785.573	
785.369	
785.165	
784.960	
784.756	
784.551	
784.347	
784.143	
783.938	
783.734	
783.530	
783.325	
783.121	
782.916	
782.712	
782.508	
782.303	
782.099	
781.894	
781.690	
781.486	
781.281	
781.077	
780.873	
780.668	
780.464	
780.259	
780.055	
779.851	
779.646	
779.442	
779.237	
779.033	
778.829	
778.624	
778.420	
778.216	
778.011	
777.807	
777.602	
777.398	
777.194	
776.989	
776.785	
776.581	
776.376	
776.172	
775.967	
775.763	
775.559	
775.354	
775.150	
774.945	
774.741	
774.537	
774.332	
774.128	
773.924	
773.719	
773.515	
773.310	
773.106	
772.902	
772.697	
772.493	
772.288	
772.084	
771.880	
771.675	
771.471	
771.267	
771.062	
770.858	
770.653	
770.449	
770.245	
770.040	
769.836	
769.631	
769.427	
769.223	
769.018	
768.814	
768.610	
768.405	
768.201	
767.996	
767.792	
767.588	
767.383	
767.179	
766.975	
766.770	
766.566	
766.361	
766.157	
765.953	
765.748	
765.544	
765.339	
765.135	
764.931	
764.726	
764.522	
764.318	
764.113	
763.909	
763.704	
763.500	
763.299	
763.098	
762.897	
762.696	
762.495	
762.294	
762.092	
761.891	
761.690	
761.489	
761.288	
761.087	
760.886	
760.685	
760.484	
760.283	
760.082	
759.881	
759.679	
759.478	
759.277	
759.076	
758.875	
758.674	
758.473	
758.272	
758.071	
757.870	
757.669	
757.468	
757.266	
757.065	
756.864	
756.663	
756.462	
756.261	
756.060	
755.859	
755.658	
755.457	
755.256	
755.055	
754.854	
754.652	
754.451	
754.250	
754.049	
753.848	
753.647	
753.446	
753.245	
753.044	
752.843	
752.642	
752.441	
752.239	
752.038	
751.837	
751.636	
751.435	
751.234	
751.033	
750.832	
750.631	
750.430	
750.229	
750.028	
749.826	
749.625	
749.424	
749.223	
749.022	
748.821	
748.620	
748.419	
748.218	
748.017	
747.816	
747.615	
747.414	
747.212	
747.011	
746.810	
746.609	
746.408	
746.207	
746.006	
745.805	
745.604	
745.403	
745.202	
745.001	
744.799	
744.598	
744.397	
744.196	
743.995	
743.794	
743.593	
743.392	
743.191	
742.990	
742.789	
742.588	
742.386	
742.185	
741.984	
741.783	
741.582	
741.381	
741.180	
740.979	
740.778	
740.577	
740.376	
740.175	
739.974	
739.772	
739.571	
739.370	
739.169	
738.968	
738.767	
738.566	
738.365	
738.164	
737.963	
737.762	
737.561	
737.359	
737.158	
736.957	
736.756	
736.555	
736.354	
736.153	
735.952	
735.751	
735.550	
735.349	
735.148	
734.946	
734.745	
734.544	
734.343	
734.142	
733.941	
733.740	
733.539	
733.338	
733.137	
732.936	
732.735	
732.534	
732.332	
732.131	
731.930	
731.729	
731.528	
731.327	
731.126	
730.925	
730.724	
730.523	
730.322	
730.121	
729.919	
729.718	
729.517	
729.316	
729.115	
728.914	
728.713	
728.512	
728.311	
728.110	
727.909	
727.708	
727.506	
727.305	
727.104	
726.903	
726.702	
726.501	
726.300	
726.099	
725.898	
725.697	
725.496	
725.295	
725.094	
724.892	
724.691	
724.490	
724.289	
724.088	
723.887	
723.686	
723.485	
723.284	
723.083	
722.882	
722.681	
722.479	
722.278	
722.077	
721.876	
721.675	
721.474	
721.273	
721.072	
720.871	
720.670	
720.469	
720.268	
720.066	
719.865	
719.664	
719.463	
719.262	
719.061	
718.860	
718.659	
718.458	
718.257	
718.056	
717.855	
717.654	
717.452	
717.251	
717.050	
716.849	
716.648	
716.447	
716.246	
716.045	
715.844	
715.643	
715.442	
715.241	
715.039	
714.838	
714.637	
714.436	
714.235	
714.034	
713.833	
713.632	
713.431	
713.230	
713.029	
712.828	
712.626	
712.425	
712.224	
712.023	
711.822	
711.621	
711.420	
711.219	
711.018	
710.817	
710.616	
710.415	
710.214	
710.012	
709.811	
709.610	
709.409	
709.208	
709.007	
708.806	
708.605	
708.404	
708.203	
708.002	
707.801	
707.599	
707.398	
707.197	
706.996	
706.795	
706.594	
706.393	
706.192	
705.991	
705.790	
705.589	
705.388	
705.186	
704.985	
704.784	
704.583	
704.382	
704.181	
703.980	
703.779	
703.578	
703.377	
703.176	
702.975	
702.774	
702.572	
702.371	
702.170	
701.969	
701.768	
701.567	
701.366	
701.165	
700.964	
700.763	
700.562	
700.361	
700.159	
699.958	
699.757	
699.556	
699.355	
699.154	
698.953	
698.752	
698.551	
698.350	
698.149	
697.948	
697.746	
697.545	
697.344	
697.143	
696.942	
696.741	
696.540	
696.343	
696.147	
695.950	
695.753	
695.557	
695.360	
695.163	
694.967	
694.770	
694.573	
694.377	
694.180	
693.983	
693.787	
693.590	
693.393	
693.196	
693.000	
692.803	
692.606	
692.410	
692.213	
692.016	
691.820	
691.623	
691.426	
691.230	
691.033	
690.836	
690.640	
690.443	
690.246	
690.050	
689.853	
689.656	
689.460	
689.263	
689.066	
688.870	
688.673	
688.476	
688.280	
688.083	
687.886	
687.690	
687.493	
687.296	
687.099	
686.903	
686.706	
686.509	
686.313	
686.116	
685.919	
685.723	
685.526	
685.329	
685.133	
684.936	
684.739	
684.543	
684.346	
684.149	
683.953	
683.756	
683.559	
683.363	
683.166	
682.969	
682.773	
682.576	
682.379	
682.183	
681.986	
681.789	
681.592	
681.396	
681.199	
681.002	
680.806	
680.609	
680.412	
680.216	
680.019	
679.822	
679.626	
679.429	
679.232	
679.036	
678.839	
678.642	
678.446	
678.249	
678.052	
677.856	
677.659	
677.462	
677.266	
677.069	
676.872	
676.676	
676.479	
676.282	
676.086	
675.889	
675.692	
675.495	
675.299	
675.102	
674.905	
674.709	
674.512	
674.315	
674.119	
673.922	
673.725	
673.529	
673.332	
673.135	
672.939	
672.742	
672.545	
672.349	
672.152	
671.955	
671.759	
671.562	
671.365	
671.169	
670.972	
670.775	
670.579	
670.382	
670.185	
669.989	
669.792	
669.595	
669.398	
669.202	
669.005	
668.808	
668.612	
668.415	
668.218	
668.022	
667.825	
667.628	
667.432	
667.235	
667.038	
666.842	
666.645	
666.448	
666.252	
666.055	
665.858	
665.662	
665.465	
665.268	
665.072	
664.875	
664.678	
664.482	
664.285	
664.088	
663.892	
663.695	
663.498	
663.301	
663.105	
662.908	
662.711	
662.515	
662.318	
662.121	
661.925	
661.728	
661.531	
661.335	
661.138	
660.941	
660.745	
660.548	
660.351	
660.155	
659.958	
659.761	
659.565	
659.368	
659.171	
658.975	
658.778	
658.581	
658.385	
658.188	
657.991	
657.795	
657.598	
657.401	
657.204	
657.008	
656.811	
656.614	
656.418	
656.221	
656.024	
655.828	
655.631	
655.434	
655.238	
655.041	
654.844	
654.648	
654.451	
654.254	
654.058	
653.861	
653.664	
653.468	
653.271	
653.074	
652.878	
652.681	
652.484	
652.288	
652.091	
651.894	
651.697	
651.501	
651.304	
651.107	
650.911	
650.714	
650.517	
650.321	
650.124	
649.927	
649.731	
649.534	
649.337	
649.141	
648.944	
648.747	
648.551	
648.354	
648.157	
647.961	
647.764	
647.567	
647.371	
647.174	
646.977	
646.781	
646.584	
646.387	
646.191	
645.994	
645.797	
645.600	
645.404	
645.207	
645.010	
644.814	
644.617	
644.420	
644.224	
644.027	
643.830	
643.634	
643.437	
643.240	
643.044	
642.847	
642.650	
642.454	
642.257	
642.060	
641.864	
641.667	
641.470	
641.274	
641.077	
640.880	
640.684	
640.487	
640.290	
640.094	
639.897	
639.700	
639.503	
639.307	
639.110	
638.913	
638.717	
638.520	
638.323	
638.127	
637.930	
637.733	
637.537	
637.340	
637.143	
636.947	
636.750	
636.553	
636.357	
636.160	
635.963	
635.767	
635.570	
635.373	
635.177	
634.980	
634.783	
634.587	
634.390	
634.193	
633.997	
633.800	
633.603	
633.406	
633.210	
633.013	
632.816	
632.620	
632.423	
632.226	
632.030	
631.833	
631.636	
631.440	
631.243	
631.046	
630.850	
630.653	
630.456	
630.260	
630.063	
629.866	
629.670	
629.473	
629.276	
629.080	
628.883	
628.686	
628.490	
628.293	
628.096	
627.900	
627.703	
627.506	
627.309	
627.113	
626.916	
626.719	
626.523	
626.326	
626.129	
625.933	
625.736	
625.539	
625.343	
625.146	
624.949	
624.753	
624.556	
624.359	
624.163	
623.966	
623.769	
623.573	
623.376	
623.179	
622.983	
622.786	
622.589	
622.393	
622.196	
621.999	
621.803	
621.606	
621.409	
621.212	
621.016	
620.819	
620.622	
620.426	
620.229	
620.032	
619.836	
619.639	
619.442	
619.246	
619.049	
618.852	
618.656	
618.459	
618.262	
618.066	
617.869	
617.672	
617.476	
617.279	
617.082	
616.886	
616.689	
616.492	
616.296	
616.099	
615.902	
615.705	
615.509	
615.312	
615.115	
614.919	
614.722	
614.525	
614.329	
614.132	
613.935	
613.739	
613.542	
613.345	
613.149	
612.952	
612.755	
612.559	
612.362	
612.165	
611.969	
611.772	
611.575	
611.379	
611.182	
610.985	
610.789	
610.592	
610.395	
610.199	
610.002	
609.805	
609.608	
609.412	
609.215	
609.018	
608.822	
608.625	
608.428	
608.232	
608.035	
607.838	
607.642	
607.445	
607.248	
607.052	
606.855	
606.658	
606.462	
606.265	
606.068	
605.872	
605.675	
605.478	
605.282	
605.085	
604.888	
604.692	
604.495	
604.298	
604.102	
603.905	
603.708	
603.511	
603.315	
603.118	
602.921	
602.725	
602.528	
602.331	
602.135	
601.938	
601.741	
601.545	
601.348	
601.151	
600.955	
600.758	
600.561	
600.365	
600.168	
599.971	
599.775	
599.578	
599.381	
599.185	
598.988	
598.791	
598.595	
598.398	
598.201	
598.005	
597.808	
597.611	
597.414	
597.218	
597.021	
596.824	
596.628	
596.431	
596.234	
596.038	
595.841	
595.644	
595.448	
595.251	
595.054	
594.858	
594.661	
594.464	
594.268	
594.071	
593.874	
593.678	
593.481	
593.284	
593.088	
592.891	
592.694	
592.498	
592.301	
592.104	
591.908	
591.711	
591.514	
591.317	
591.121	
590.924	
590.727	
590.531	
590.334	
590.137	
589.941	
589.744	
589.547	
589.351	
589.154	
588.957	
588.761	
588.564	
588.367	
588.171	
587.974	
587.777	
587.581	
587.384	
587.187	
586.991	
586.794	
586.597	
586.401	
586.204	
586.007	
585.810	
585.614	
585.417	
585.220	
585.024	
584.827	
584.630	
584.434	
584.237	
584.040	
583.844	
583.647	
583.450	
583.254	
583.057	
582.860	
582.664	
582.467	
582.270	
582.074	
581.877	
581.680	
581.484	
581.287	
581.090	
580.894	
580.697	
580.500	
580.304	
580.107	
579.910	
579.713	
579.517	
579.320	
579.123	
578.927	
578.730	
578.533	
578.337	
578.140	
577.943	
577.747	
577.550	
577.353	
577.157	
576.960	
576.766	
576.571	
576.377	
576.183	
575.989	
575.794	
575.600	
575.406	
575.212	
575.017	
574.823	
574.629	
574.434	
574.240	
574.046	
573.852	
573.657	
573.463	
573.269	
573.074	
572.880	
572.686	
572.492	
572.297	
572.103	
571.909	
571.715	
571.520	
571.326	
571.132	
570.937	
570.743	
570.549	
570.355	
570.160	
569.966	
569.772	
569.577	
569.383	
569.189	
568.995	
568.800	
568.606	
568.412	
568.218	
568.023	
567.829	
567.635	
567.440	
567.246	
567.052	
566.858	
566.663	
566.469	
566.275	
566.081	
565.886	
565.692	
565.498	
565.303	
565.109	
564.915	
564.721	
564.526	
564.332	
564.138	
563.943	
563.749	
563.555	
563.361	
563.166	
562.972	
562.778	
562.584	
562.389	
562.195	
562.001	
561.806	
561.612	
561.418	
561.224	
561.029	
560.835	
560.641	
560.446	
560.252	
560.058	
559.864	
559.669	
559.475	
559.281	
559.087	
558.892	
558.698	
558.504	
558.309	
558.115	
557.921	
557.727	
557.532	
557.338	
557.144	
556.949	
556.755	
556.561	
556.367	
556.172	
555.978	
555.784	
555.590	
555.395	
555.201	
555.007	
554.812	
554.618	
554.424	
554.230	
554.035	
553.841	
553.647	
553.453	
553.258	
553.064	
552.870	
552.675	
552.481	
552.287	
552.093	
551.898	
551.704	
551.510	
551.315	
551.121	
550.927	
550.733	
550.538	
550.344	
550.150	
549.956	
549.761	
549.567	
549.373	
549.178	
548.984	
548.790	
548.596	
548.401	
548.207	
548.013	
547.818	
547.624	
547.430	
547.236	
547.041	
546.847	
546.653	
546.459	
546.264	
546.070	
545.882	
545.694	
545.506	
545.318	
545.129	
544.941	
544.753	
544.565	
544.377	
544.189	
544.001	
543.813	
543.625	
543.437	
543.248	
543.060	
542.872	
542.684	
542.496	
542.308	
542.120	
541.932	
541.744	
541.555	
541.367	
541.179	
540.991	
540.803	
540.615	
540.427	
540.239	
540.051	
539.863	
539.674	
539.486	
539.298	
539.110	
538.922	
538.734	
538.546	
538.358	
538.170	
537.981	
537.793	
537.605	
537.417	
537.229	
537.041	
536.853	
536.665	
536.477	
536.289	
536.100	
535.912	
535.724	
535.536	
535.348	
535.160	
534.972	
534.784	
534.596	
534.407	
534.219	
534.031	
533.843	
533.655	
533.467	
533.279	
533.091	
532.903	
532.714	
532.526	
532.338	
532.150	
531.962	
531.774	
531.586	
531.398	
531.210	
531.022	
530.833	
530.645	
530.457	
530.269	
530.081	
529.893	
529.705	
529.517	
529.329	
529.140	
528.952	
528.764	
528.576	
528.388	
528.200	
528.012	
527.824	
527.636	
527.448	
527.259	
527.071	
526.883	
526.695	
526.507	
526.319	
526.131	
525.943	
525.755	
525.566	
525.378	
525.190	
525.002	
524.814	
524.626	
524.438	
524.250	
524.062	
523.874	
523.685	
523.497	
523.309	
523.121	
522.933	
522.745	
522.557	
522.369	
522.181	
521.992	
521.804	
521.616	
521.428	
521.240	
521.052	
520.864	
520.676	
520.488	
520.300	
520.111	
519.923	
519.735	
519.547	
519.359	
519.171	
518.983	
518.795	
518.607	
518.418	
518.230	
518.042	
517.854	
517.666	
517.478	
517.290	
517.102	
516.914	
516.725	
516.537	
516.349	
516.161	
515.973	
515.785	
515.597	
515.409	
515.221	
515.033	
514.844	
514.656	
514.468	
514.280	
514.092	
513.904	
513.716	
513.528	
513.340	
513.151	
512.963	
512.775	
512.587	
512.399	
512.211	
512.023	
511.835	
511.647	
511.459	
511.270	
511.082	
510.894	
510.706	
510.518	
510.330	
510.142	
509.954	
509.766	
509.577	
509.389	
509.201	
509.013	
508.825	
508.637	
508.449	
508.261	
508.073	
507.885	
507.696	
507.508	
507.320	
507.132	
506.944	
506.756	
506.568	
506.380	
506.192	
506.003	
505.815	
505.627	
505.439	
505.251	
505.063	
504.875	
504.687	
504.499	
504.311	
504.122	
503.934	
503.746	
503.558	
503.370	
503.182	
502.994	
502.806	
502.618	
502.429	
502.241	
502.053	
501.865	
501.677	
501.489	
501.301	
501.113	
500.925	
500.736	
500.548	
500.360	
500.172	
499.984	
499.796	
499.608	
499.420	
499.232	
499.044	
498.855	
498.667	
498.479	
498.291	
498.103	
497.915	
497.727	
497.539	
497.351	
497.162	
496.974	
496.786	
496.598	
496.410	
496.222	
496.034	
495.846	
495.658	
495.470	
495.281	
495.093	
494.905	
494.717	
494.529	
494.341	
494.153	
493.965	
493.777	
493.588	
493.400	
493.212	
493.024	
492.836	
492.648	
492.460	
492.272	
492.084	
491.896	
491.707	
491.519	
491.331	
491.143	
490.955	
490.767	
490.579	
490.391	
490.203	
490.014	
489.826	
489.638	
489.450	
489.262	
489.074	
488.886	
488.698	
488.510	
488.322	
488.133	
487.945	
487.757	
487.569	
487.381	
487.193	
487.005	
486.817	
486.629	
486.440	
486.252	
486.064	
485.876	
485.688	
485.500	
485.312	
485.124	
484.936	
484.748	
484.559	
484.371	
484.183	
483.995	
483.807	
483.619	
483.431	
483.243	
483.055	
482.866	
482.678	
482.490	
482.302	
482.114	
481.926	
481.738	
481.550	
481.362	
481.173	
480.985	
480.797	
480.609	
480.421	
480.233	
480.045	
479.857	
479.669	
479.481	
479.292	
479.104	
478.916	
478.728	
478.540	
478.352	
478.164	
477.976	
477.788	
477.599	
477.411	
477.223	
477.035	
476.847	
476.659	
476.471	
476.283	
476.095	
475.907	
475.718	
475.530	
475.342	
475.154	
474.966	
474.778	
474.590	
474.402	
474.214	
474.025	
473.837	
473.649	
473.461	
473.273	
473.085	
472.897	
472.709	
472.521	
472.333	
472.144	
471.956	
471.768	
471.580	
471.392	
471.204	
471.016	
470.828	
470.640	
470.451	
470.263	
470.075	
469.887	
469.699	
469.511	
469.323	
469.135	
468.947	
468.759	
468.570	
468.382	
468.194	
468.006	
467.818	
467.630	
467.442	
467.254	
467.066	
466.877	
466.689	
466.501	
466.313	
466.125	
465.937	
465.749	
465.561	
465.373	
465.185	
464.996	
464.808	
464.620	
464.432	
464.244	
464.056	
463.868	
463.680	
463.492	
463.303	
463.115	
462.927	
462.739	
462.551	
462.363	
462.175	
461.987	
461.799	
461.610	
461.422	
461.234	
461.046	
460.858	
460.670	
460.482	
460.294	
460.106	
459.918	
459.729	
459.541	
459.353	
459.165	
458.977	
458.789	
458.601	
458.413	
458.225	
458.036	
457.848	
457.660	
457.472	
457.284	
457.096	
456.908	
456.720	
456.532	
456.344	
456.155	
455.967	
455.779	
455.591	
455.403	
455.215	
455.027	
454.839	
454.651	
454.462	
454.274	
454.086	
453.898	
453.710	
453.522	
453.334	
453.146	
452.958	
452.770	
452.581	
452.393	
452.205	
452.017	
451.829	
451.641	
451.453	
451.265	
451.077	
450.888	
450.700	
450.512	
450.324	
450.136	
449.948	
449.760	
449.572	
449.384	
449.196	
449.007	
448.819	
448.631	
448.443	
448.255	
448.067	
447.879	
447.691	
447.503	
447.314	
447.126	
446.938	
446.750	
446.562	
446.374	
446.186	
445.998	
445.810	
445.622	
445.433	
445.245	
445.057	
444.869	
444.681	
444.493	
444.305	
444.117	
443.929	
443.740	
443.552	
443.364	
443.176	
442.988	
442.800	
442.612	
442.424	
442.236	
442.047	
441.859	
441.671	
441.483	
441.295	
441.107	
440.919	
440.731	
440.543	
440.355	
440.166	
439.978	
439.790	
439.602	
439.414	
439.226	
439.038	
438.850	
438.662	
438.473	
438.285	
438.097	
437.909	
437.721	
437.533	
437.345	
437.157	
436.969	
436.781	
436.592	
436.404	
436.216	
436.028	
435.840	
435.657	
435.473	
435.290	
435.106	
434.923	
434.740	
434.556	
434.373	
434.189	
434.006	
433.822	
433.639	
433.456	
433.272	
433.089	
432.905	
432.722	
432.539	
432.355	
432.172	
431.988	
431.805	
431.622	
431.438	
431.255	
431.071	
430.888	
430.704	
430.521	
430.338	
430.154	
429.971	
429.787	
429.604	
429.421	
429.237	
429.054	
428.870	
428.687	
428.504	
428.320	
428.137	
427.953	
427.770	
427.586	
427.403	
427.220	
427.036	
426.853	
426.669	
426.486	
426.303	
426.119	
425.936	
425.752	
425.569	
425.386	
425.202	
425.019	
424.835	
424.652	
424.468	
424.285	
424.102	
423.918	
423.735	
423.551	
423.368	
423.185	
423.001	
422.818	
422.634	
422.451	
422.268	
422.084	
421.901	
421.717	
421.534	
421.350	
421.167	
420.984	
420.800	
420.617	
420.433	
420.250	
420.067	
419.883	
419.700	
419.516	
419.333	
419.150	
418.966	
418.783	
418.599	
418.416	
418.232	
418.049	
417.866	
417.682	
417.499	
417.315	
417.132	
416.949	
416.765	
416.582	
416.398	
416.215	
416.032	
415.848	
415.665	
415.481	
415.298	
415.114	
414.931	
414.748	
414.564	
414.381	
414.197	
414.014	
413.831	
413.647	
413.464	
413.280	
413.097	
412.914	
412.730	
412.547	
412.363	
412.180	
411.996	
411.813	
411.630	
411.446	
411.263	
411.079	
410.896	
410.713	
410.529	
410.346	
410.162	
409.979	
409.796	
409.612	
409.429	
409.245	
409.062	
408.878	
408.695	
408.512	
408.328	
408.145	
407.961	
407.778	
407.595	
407.411	
407.228	
407.044	
406.861	
406.678	
406.494	
406.311	
406.127	
405.944	
405.760	
405.577	
405.394	
405.210	
405.027	
404.843	
404.660	
404.480	
404.301	
404.121	
403.941	
403.761	
403.582	
403.402	
403.222	
403.042	
402.863	
402.683	
402.503	
402.324	
402.144	
401.964	
401.784	
401.605	
401.425	
401.245	
401.065	
400.886	
400.706	
400.526	
400.347	
400.167	
399.987	
399.807	
399.628	
399.448	
399.268	
399.089	
398.909	
398.729	
398.549	
398.370	
398.190	
398.010	
397.830	
397.651	
397.471	
397.291	
397.112	
396.932	
396.752	
396.572	
396.393	
396.213	
396.033	
395.853	
395.674	
395.494	
395.314	
395.135	
394.955	
394.775	
394.595	
394.416	
394.236	
394.056	
393.877	
393.697	
393.517	
393.337	
393.158	
392.978	
392.798	
392.618	
392.439	
392.259	
392.079	
391.900	
391.720	
391.540	
391.360	
391.181	
391.001	
390.821	
390.641	
390.462	
390.282	
390.102	
389.923	
389.743	
389.563	
389.383	
389.204	
389.024	
388.844	
388.664	
388.485	
388.305	
388.125	
387.946	
387.766	
387.586	
387.406	
387.227	
387.047	
386.867	
386.688	
386.508	
386.328	
386.148	
385.969	
385.789	
385.609	
385.429	
385.250	
385.070	
384.890	
384.711	
384.531	
384.351	
384.171	
383.992	
383.812	
383.632	
383.452	
383.273	
383.093	
382.913	
382.734	
382.554	
382.374	
382.194	
382.015	
381.835	
381.655	
381.476	
381.296	
381.116	
380.936	
380.757	
380.577	
380.397	
380.217	
380.038	
379.858	
379.678	
379.499	
379.319	
379.139	
378.959	
378.780	
378.600	
378.420	
378.240	
378.061	
377.881	
377.701	
377.522	
377.342	
377.162	
376.982	
376.803	
376.623	
376.443	
376.263	
376.084	
375.904	
375.724	
375.545	
375.365	
375.185	
375.005	
374.826	
374.646	
374.466	
374.287	
374.107	
373.927	
373.747	
373.568	
373.388	
373.208	
373.028	
372.849	
372.669	
372.489	
372.310	
372.130	
371.950	
371.770	
371.591	
371.411	
371.231	
371.051	
370.872	
370.692	
370.512	
370.333	
370.153	
369.973	
369.793	
369.614	
369.434	
369.254	
369.075	
368.895	
368.715	
368.535	
368.356	
368.176	
367.996	
367.816	
367.637	
367.457	
367.277	
367.098	
366.918	
366.738	
366.558	
366.379	
366.199	
366.019	
365.839	
365.660	
365.480	
365.303	
365.127	
364.950	
364.773	
364.596	
364.420	
364.243	
364.066	
363.889	
363.713	
363.536	
363.359	
363.183	
363.006	
362.829	
362.652	
362.476	
362.299	
362.122	
361.946	
361.769	
361.592	
361.415	
361.239	
361.062	
360.885	
360.708	
360.532	
360.355	
360.178	
360.002	
359.825	
359.648	
359.471	
359.295	
359.118	
358.941	
358.765	
358.588	
358.411	
358.234	
358.058	
357.881	
357.704	
357.527	
357.351	
357.174	
356.997	
356.821	
356.644	
356.467	
356.290	
356.114	
355.937	
355.760	
355.584	
355.407	
355.230	
355.053	
354.877	
354.700	
354.523	
354.346	
354.170	
353.993	
353.816	
353.640	
353.463	
353.286	
353.109	
352.933	
352.756	
352.579	
352.402	
352.226	
352.049	
351.872	
351.696	
351.519	
351.342	
351.165	
350.989	
350.812	
350.635	
350.459	
350.282	
350.105	
349.928	
349.752	
349.575	
349.398	
349.221	
349.045	
348.868	
348.691	
348.515	
348.338	
348.161	
347.984	
347.808	
347.631	
347.454	
347.278	
347.101	
346.924	
346.747	
346.571	
346.394	
346.217	
346.040	
345.864	
345.687	
345.510	
345.334	
345.157	
344.980	
344.803	
344.627	
344.450	
344.273	
344.097	
343.920	
343.743	
343.566	
343.390	
343.213	
343.036	
342.859	
342.683	
342.506	
342.329	
342.153	
341.976	
341.799	
341.622	
341.446	
341.269	
341.092	
340.916	
340.739	
340.562	
340.385	
340.209	
340.032	
339.855	
339.678	
339.502	
339.325	
339.148	
338.972	
338.795	
338.618	
338.441	
338.265	
338.088	
337.911	
337.734	
337.558	
337.381	
337.204	
337.028	
336.851	
336.674	
336.497	
336.321	
336.144	
335.967	
335.791	
335.614	
335.437	
335.260	
335.084	
334.907	
334.730	
334.553	
334.377	
334.200	
334.023	
333.847	
333.670	
333.493	
333.316	
333.140	
332.963	
332.786	
332.610	
332.433	
332.256	
332.079	
331.903	
331.726	
331.549	
331.372	
331.196	
331.019	
330.842	
330.666	
330.489	
330.312	
330.135	
329.959	
329.782	
329.605	
329.429	
329.252	
329.075	
328.898	
328.722	
328.545	
328.368	
328.191	
328.015	
327.838	
327.661	
327.485	
327.308	
327.131	
326.954	
326.778	
326.601	
326.424	
326.248	
326.071	
325.894	
325.717	
325.541	
325.364	
325.187	
325.010	
324.834	
324.657	
324.480	
324.304	
324.127	
323.950	
323.773	
323.597	
323.420	
323.243	
323.066	
322.890	
322.713	
322.536	
322.360	
322.183	
322.006	
321.829	
321.653	
321.476	
321.299	
321.123	
320.946	
320.769	
320.592	
320.416	
320.239	
320.062	
319.885	
319.709	
319.532	
319.355	
319.179	
319.002	
318.825	
318.648	
318.472	
318.295	
318.118	
317.942	
317.765	
317.588	
317.411	
317.235	
317.058	
316.881	
316.704	
316.528	
316.351	
316.174	
315.998	
315.821	
315.644	
315.467	
315.291	
315.114	
314.937	
314.761	
314.584	
314.407	
314.230	
314.054	
313.877	
313.700	
313.523	
313.347	
313.170	
312.986	
312.801	
312.617	
312.432	
312.248	
312.063	
311.879	
311.694	
311.510	
311.325	
311.141	
310.956	
310.772	
310.587	
310.403	
310.218	
310.034	
309.849	
309.665	
309.480	
309.296	
309.112	
308.927	
308.743	
308.558	
308.374	
308.189	
308.005	
307.820	
307.636	
307.451	
307.267	
307.082	
306.898	
306.713	
306.529	
306.344	
306.160	
305.975	
305.791	
305.606	
305.422	
305.238	
305.053	
304.869	
304.684	
304.500	
304.315	
304.131	
303.946	
303.762	
303.577	
303.393	
303.208	
303.024	
302.839	
302.655	
302.470	
302.286	
302.101	
301.917	
301.733	
301.548	
301.364	
301.179	
300.995	
300.810	
300.626	
300.441	
300.257	
300.072	
299.888	
299.703	
299.519	
299.334	
299.150	
298.965	
298.781	
298.596	
298.412	
298.227	
298.043	
297.859	
297.674	
297.490	
297.305	
297.121	
296.936	
296.752	
296.567	
296.383	
296.198	
296.014	
295.829	
295.645	
295.460	
295.276	
295.091	
294.907	
294.722	
294.538	
294.353	
294.169	
293.985	
293.800	
293.616	
293.431	
293.247	
293.062	
292.878	
292.693	
292.509	
292.324	
292.140	
291.955	
291.771	
291.586	
291.402	
291.217	
291.033	
290.848	
290.664	
290.479	
290.295	
290.111	
289.926	
289.742	
289.557	
289.373	
289.188	
289.004	
288.819	

1.000	
1.000	
1.000	
1.000	
1.000	
1.000	
1.000	
1.000	
1.000	
1.000	
1.000	
1.000	
1.000	
1.000	
1.000	
1.000	
1.000	
1.000	
1.000	
1.000	
1.000	
1.000	
1.000	
1.000	
1.000	
1.000	
1.000	
1.000	
1.000	
1.000	
1.000	
1.000	
1.000	
1.000	
1.000	
1.000	
1.000	
1.000	
1.000	
1.000	
1.000	
1.000	
1.000	
1.000	
1.000	
1.000	
1.000	
1.000	
1.000	
1.000	
1.000	
1.000	
1.000	
1.000	
1.000	
1.000	
1.000	
1.000	
1.000	
1.000	
1.000	
1.000	
1.000	
1.000	
1.000	
1.000	
1.000	
1.000	
1.000	
1.000	
1.000	
1.000	
1.000	
1.000	
1.000	
1.000	
1.000	
1.000	
1.000	
1.000	
1.000	
1.000	
1.000	
1.000	
1.000	
1.000	
1.000	
1.000	
1.000	
1.000	
1.000	
1.000	
1.000	
1.000	
1.000	
1.000	
1.000	
1.000	
1.000	
1.000	
1.000	
1.000	
1.000	
1.000	
1.000	
1.000	
1.000	
1.000	
1.000	
1.000	
1.000	
1.000	
1.000	
1.000	
1.000	
1.000	
1.000	
1.000	
1.000	
1.000	
1.000	
1.000	
1.000	
1.000	
1.000	
1.000	
1.000	
1.000	
1.000	
1.000	
1.000	
1.000	
1.000	
1.000	
1.000	
1.000	
1.000	
1.000	
1.000	
1.000	
1.000	
1.000	
1.000	
1.000	
1.000	
1.000	
1.000	
1.000	
1.000	
1.000	
1.000	
1.000	
1.000	
1.000	
1.000	
1.000	
1.000	
1.000	
1.000	
1.000	
1.000	
1.000	
1.000	
1.000	
1.000	
1.000	
1.000	
1.000	
1.000	
1.000	
1.000	
1.000	
1.000	
1.000	
1.000	
1.000	
1.000	
1.000	
1.000	
1.000	
1.000	
1.000	
1.000	
1.000	
1.000	
1.000	
1.000	
1.000	
1.000	
1.000	
1.000	
1.000	
1.000	
1.000	
1.000	
1.000	
1.000	
1.000	
1.000	
1.000	
1.000	
1.000	
1.000	
1.000	
1.000	
1.000	
1.000	
1.000	
1.000	
1.000	
1.000	
1.000	
1.000	
1.000	
1.000	
1.000	
1.000	
1.000	
1.000	
1.000	
1.000	
1.000	
1.000	
1.000	
1.000	
1.000	
1.000	
1.000	
1.000	
1.000	
1.000	
1.000	
1.000	
1.000	
1.000	
1.000	
1.000	
1.000	
1.000	
1.000	
1.000	
1.000	
1.000	
1.000	
1.000	
1.000	
1.000	
1.000	
1.000	
1.000	
1.000	
1.000	
1.000	
1.000	
1.000	
1.000	
1.000	
1.000	
1.000	
1.000	
1.000	
1.000	
1.000	
1.000	
1.000	
1.000	
1.000	
1.000	
1.000	
1.000	
1.000	
1.000	
1.000	
1.000	
1.000	
1.000	
1.000	
1.000	
1.000	
1.000	
1.000	
1.000	
1.000	
1.000	
1.000	
1.000	
1.000	
1.000	
1.000	
1.000	
1.000	
1.000	
1.000	
1.000	
1.000	
1.000	
1.000	
1.000	
1.000	
1.000	
1.000	
1.000	
1.000	
1.000	
1.000	
1.000	
1.000	
1.000	
1.000	
1.000	
1.000	
1.000	
1.000	
1.000	
1.000	
1.000	
1.000	
1.000	
1.000	
1.000	
1.000	
1.000	
1.000	
1.000	
1.000	
1.000	
1.000	
1.000	
1.000	
1.000	
1.000	
1.000	
1.000	
1.000	
1.000	
1.000	
1.000	
1.000	
1.000	
1.000	
1.000	
1.000	
1.000	
1.000	
1.000	
1.000	
1.000	
1.000	
1.000	
1.000	
1.000	
1.000	
1.000	
1.000	
1.000	
1.000	
1.000	
1.000	
1.000	
1.000	
1.000	
1.000	
1.000	
1.000	
1.000	
1.000	
1.000	
1.000	
1.000	
1.000	
1.000	
1.000	
1.000	
1.000	
1.000	
1.000	
1.000	
1.000	
1.000	
1.000	
1.000	
1.000	
1.000	
1.000	
1.000	
1.000	
1.000	
1.000	
1.000	
1.000	
1.000	
1.000	
1.000	
1.000	
1.000	
1.000	
1.000	
1.000	
1.000	
1.000	
1.000	
1.000	
1.000	
1.000	
1.000	
1.000	
1.000	
1.000	
1.000	
1.000	
1.000	
1.000	
1.000	
1.000	
1.000	
1.000	
1.000	
1.000	
1.000	
1.000	
1.000	
1.000	
1.000	
1.000	
1.000	
1.000	
1.000	
1.000	
1.000	
1.000	
1.000	
1.000	
1.000	
1.000	
1.000	
1.000	
1.000	
1.000	
1.000	
1.000	
1.000	
1.000	
1.000	
1.000	
1.000	
1.000	
1.000	
1.000	
1.000	
1.000	
1.000	
1.000	
1.000	
1.000	
1.000	
1.000	
1.000	
1.000	
1.000	
1.000	
1.000	
1.000	
1.000	
1.000	
1.000	
1.000	
1.000	
1.000	
1.000	
1.000	
1.000	
1.000	
1.000	
1.000	
1.000	
1.000	
1.000	
1.000	
1.000	
1.000	
1.000	
1.000	
1.000	
1.000	
1.000	
1.000	
1.000	
1.000	
1.000	
1.000	
1.000	
1.000	
1.000	
1.000	
1.000	
1.000	
1.000	
1.000	
1.000	
1.000	
1.000	
1.000	
1.000	
1.000	
1.000	
1.000	
1.000	
1.000	
1.000	
1.000	
1.000	
1.000	
1.000	
1.000	
1.000	
1.000	
1.000	
1.000	
1.000	
1.000	
1.000	
1.000	
1.000	
1.000	
1.000	
1.000	
1.000	
1.000	
1.000	
1.000	
1.000	
1.000	
1.000	
1.000	
1.000	
1.000	
1.000	
1.000	
1.000	
1.000	
1.000	
1.000	
1.000	
1.000	
1.000	
1.000	
1.000	
1.000	
1.000	
1.000	
1.000	
1.000	
1.000	
1.000	
1.000	
1.000	
1.000	
1.000	
1.000	
1.000	
1.000	
1.000	
1.000	
1.000	
1.000	
1.000	
1.000	
1.000	
1.000	
1.000	
1.000	
1.000	
1.000	
1.000	
1.000	
1.000	
1.000	
1.000	
1.000	
1.000	
1.000	
1.000	
1.000	
1.000	
1.000	
1.000	
1.000	
1.000	
1.000	
1.000	
1.000	
1.000	
1.000	
1.000	
1.000	
1.000	
1.000	
1.000	
1.000	
1.000	
1.000	
1.000	
1.000	
1.000	
1.000	
1.000	
1.000	
1.000	
1.000	
1.000	
1.000	
1.000	
1.000	
1.000	
1.000	
1.000	
1.000	
1.000	
1.000	
1.000	
1.000	
1.000	
1.000	
1.000	
1.000	
1.000	
1.000	
1.000	
1.000	
1.000	
1.000	
1.000	
1.000	
1.000	
1.000	
1.000	
1.000	
1.000	
1.000	
1.000	
1.000	
1.000	
1.000	
1.000	
1.000	
1.000	
1.000	
1.000	
1.000	
1.000	
1.000	
1.000	
1.000	
1.000	
1.000	
1.000	
1.000	
1.000	
1.000	
1.000	
1.000	
1.000	
1.000	
1.000	
1.000	
1.000	
1.000	
1.000	
1.000	
1.000	
1.000	
1.000	
1.000	
1.000	
1.000	
1.000	
1.000	
1.000	
1.000	
1.000	
1.000	
1.000	
1.000	
1.000	
1.000	
1.000	
1.000	
1.000	
1.000	
1.000	
1.000	
1.000	
0.999	
0.999	
0.999	
0.999	
0.999	
0.999	
0.999	
0.999	
0.999	
0.999	
0.999	
0.999	
0.999	
0.998	
0.998	
0.998	
0.998	
0.998	
0.998	
0.998	
0.998	
0.998	
0.998	
0.998	
0.998	
0.998	
0.997	
0.997	
0.997	
0.997	
0.997	
0.997	
0.997	
0.997	
0.996	
0.996	
0.996	
0.996	
0.996	
0.996	
0.996	
0.996	
0.996	
0.996	
0.996	
0.996	
0.996	
0.996	
0.995	
0.996	
0.996	
0.996	
0.996	
0.996	
0.996	
0.996	
0.996	
0.996	
0.996	
0.996	
0.997	
0.997	
0.997	
0.997	
0.997	
0.997	
0.997	
0.997	
0.997	
0.997	
0.997	
0.997	
0.997	
0.997	
0.997	
0.997	
0.997	
0.997	
0.997	
0.998	
0.997	
0.997	
0.997	
0.997	
0.997	
0.998	
0.998	
0.998	
0.998	
0.998	
0.998	
0.998	
0.998	
0.998	
0.998	
0.998	
0.999	
0.999	
0.999	
0.999	
0.999	
0.999	
1.000	
1.000	
1.000	
1.000	
1.000	
1.001	
1.001	
1.001	
1.001	
1.002	
1.002	
1.002	
1.002	
1.002	
1.003	
1.003	
1.003	
1.003	
1.003	
1.003	
1.003	
1.003	
1.003	
1.003	
1.003	
1.003	
1.003	
1.003	
1.003	
1.003	
1.004	
1.004	
1.004	
1.004	
1.004	
1.004	
1.004	
1.004	
1.004	
1.004	
1.004	
1.004	
1.004	
1.005	
1.005	
1.005	
1.005	
1.005	
1.005	
1.005	
1.005	
1.005	
1.005	
1.004	
1.004	
1.004	
1.004	
1.004	
1.004	
1.004	
1.004	
1.004	
1.004	
1.004	
1.004	
1.003	
1.004	
1.004	
1.004	
1.004	
1.004	
1.004	
1.004	
1.004	
1.004	
1.004	
1.004	
1.004	
1.004	
1.005	
1.005	
1.005	
1.005	
1.005	
1.005	
1.005	
1.005	
1.005	
1.005	
1.005	
1.005	
1.005	
1.005	
1.005	
1.005	
1.005	
1.005	
1.005	
1.005	
1.005	
1.005	
1.005	
1.005	
1.005	
1.004	
1.005	
1.004	
1.005	
1.004	
1.005	
1.005	
1.005	
1.005	
1.005	
1.005	
1.005	
1.005	
1.005	
1.004	
1.004	
1.004	
1.004	
1.004	
1.003	
1.003	
1.003	
1.003	
1.002	
1.002	
1.002	
1.001	
1.001	
1.001	
1.000	
1.000	
1.000	
1.000	
0.999	
0.999	
0.999	
0.999	
0.998	
0.998	
0.998	
0.998	
0.997	
0.997	
0.997	
0.997	
0.996	
0.996	
0.996	
0.996	
0.995	
0.995	
0.995	
0.995	
0.995	
0.994	
0.994	
0.994	
0.994	
0.993	
0.993	
0.993	
0.992	
0.992	
0.992	
0.992	
0.992	
0.992	
0.991	
0.991	
0.991	
0.991	
0.991	
0.990	
0.990	
0.990	
0.990	
0.990	
0.989	
0.989	
0.989	
0.989	
0.989	
0.989	
0.989	
0.989	
0.989	
0.989	
0.989	
0.988	
0.988	
0.988	
0.988	
0.988	
0.988	
0.987	
0.987	
0.987	
0.987	
0.987	
0.987	
0.986	
0.986	
0.986	
0.986	
0.986	
0.985	
0.985	
0.985	
0.985	
0.985	
0.985	
0.985	
0.985	
0.985	
0.985	
0.985	
0.985	
0.985	
0.984	
0.984	
0.984	
0.984	
0.984	
0.984	
0.984	
0.984	
0.984	
0.983	
0.983	
0.983	
0.983	
0.983	
0.983	
0.983	
0.983	
0.982	
0.982	
0.982	
0.982	
0.982	
0.982	
0.982	
0.982	
0.982	
0.982	
0.982	
0.983	
0.983	
0.983	
0.983	
0.983	
0.983	
0.983	
0.983	
0.983	
0.983	
0.983	
0.984	
0.984	
0.984	
0.984	
0.984	
0.984	
0.984	
0.984	
0.984	
0.984	
0.984	
0.984	
0.985	
0.985	
0.985	
0.985	
0.985	
0.985	
0.985	
0.985	
0.985	
0.985	
0.985	
0.985	
0.985	
0.985	
0.985	
0.985	
0.985	
0.985	
0.985	
0.985	
0.985	
0.985	
0.985	
0.985	
0.985	
0.986	
0.986	
0.986	
0.986	
0.986	
0.986	
0.986	
0.986	
0.987	
0.987	
0.987	
0.987	
0.987	
0.987	
0.988	
0.988	
0.988	
0.988	
0.988	
0.988	
0.988	
0.988	
0.989	
0.989	
0.989	
0.989	
0.989	
0.989	
0.989	
0.989	
0.989	
0.989	
0.989	
0.990	
0.990	
0.990	
0.990	
0.990	
0.991	
0.991	
0.991	
0.991	
0.992	
0.992	
0.992	
0.992	
0.993	
0.993	
0.993	
0.994	
0.994	
0.994	
0.994	
0.994	
0.995	
0.995	
0.995	
0.995	
0.996	
0.996	
0.996	
0.996	
0.996	
0.997	
0.997	
0.997	
0.997	
0.998	
0.998	
0.998	
0.998	
0.999	
0.999	
0.999	
1.000	
1.000	
1.000	
1.001	
1.001	
1.001	
1.001	
1.002	
1.002	
1.003	
1.003	
1.003	
1.004	
1.004	
1.004	
1.004	
1.005	
1.005	
1.005	
1.006	
1.006	
1.006	
1.007	
1.007	
1.007	
1.008	
1.008	
1.008	
1.008	
1.009	
1.009	
1.009	
1.009	
1.009	
1.010	
1.010	
1.010	
1.010	
1.011	
1.011	
1.011	
1.011	
1.011	
1.011	
1.011	
1.012	
1.012	
1.012	
1.012	
1.012	
1.012	
1.012	
1.012	
1.012	
1.012	
1.012	
1.013	
1.013	
1.013	
1.013	
1.013	
1.013	
1.013	
1.013	
1.013	
1.014	
1.014	
1.014	
1.014	
1.014	
1.014	
1.014	
1.014	
1.014	
1.014	
1.015	
1.015	
1.015	
1.015	
1.015	
1.015	
1.015	
1.015	
1.015	
1.015	
1.015	
1.015	
1.015	
1.015	
1.015	
1.015	
1.015	
1.015	
1.015	
1.015	
1.015	
1.015	
1.016	
1.016	
1.016	
1.016	
1.016	
1.016	
1.015	
1.015	
1.015	
1.015	
1.015	
1.015	
1.015	
1.015	
1.015	
1.015	
1.015	
1.015	
1.015	
1.015	
1.015	
1.015	
1.015	
1.015	
1.015	
1.014	
1.014	
1.014	
1.014	
1.014	
1.014	
1.014	
1.013	
1.013	
1.013	
1.013	
1.012	
1.012	
1.012	
1.012	
1.011	
1.011	
1.011	
1.010	
1.010	
1.010	
1.010	
1.010	
1.009	
1.009	
1.009	
1.009	
1.008	
1.008	
1.008	
1.007	
1.007	
1.007	
1.007	
1.006	
1.006	
1.006	
1.005	
1.005	
1.005	
1.004	
1.004	
1.004	
1.003	
1.003	
1.003	
1.002	
1.002	
1.002	
1.001	
1.001	
1.001	
1.001	
1.000	
1.000	
1.000	
1.000	
1.000	
0.999	
0.999	
0.999	
0.999	
0.999	
0.999	
0.999	
0.999	
0.999	
0.999	
0.999	
0.999	
0.999	
0.999	
0.999	
0.999	
0.999	
0.999	
0.999	
0.999	
0.999	
0.999	
1.000	
1.000	
1.000	
1.000	
1.000	
1.000	
1.000	
1.000	
1.000	
1.000	
1.000	
1.000	
1.000	
1.000	
1.000	
1.000	
1.000	
1.000	
0.999	
0.999	
0.999	
0.999	
0.998	
0.998	
0.998	
0.997	
0.997	
0.997	
0.996	
0.996	
0.996	
0.995	
0.995	
0.995	
0.995	
0.994	
0.994	
0.994	
0.993	
0.993	
0.993	
0.992	
0.992	
0.992	
0.992	
0.991	
0.991	
0.991	
0.990	
0.990	
0.990	
0.990	
0.990	
0.989	
0.989	
0.989	
0.989	
0.989	
0.989	
0.989	
0.988	
0.988	
0.988	
0.988	
0.988	
0.988	
0.988	
0.987	
0.987	
0.987	
0.987	
0.987	
0.987	
0.986	
0.986	
0.986	
0.986	
0.985	
0.985	
0.985	
0.985	
0.984	
0.984	
0.984	
0.984	
0.984	
0.983	
0.983	
0.983	
0.983	
0.983	
0.983	
0.983	
0.983	
0.983	
0.983	
0.983	
0.983	
0.982	
0.982	
0.982	
0.983	
0.983	
0.983	
0.983	
0.983	
0.983	
0.983	
0.983	
0.983	
0.983	
0.983	
0.983	
0.983	
0.983	
0.984	
0.984	
0.984	
0.984	
0.984	
0.985	
0.985	
0.985	
0.985	
0.985	
0.985	
0.986	
0.986	
0.986	
0.986	
0.987	
0.987	
0.987	
0.988	
0.988	
0.988	
0.988	
0.989	
0.989	
0.989	
0.990	
0.990	
0.990	
0.991	
0.991	
0.991	
0.992	
0.992	
0.992	
0.993	
0.993	
0.993	
0.993	
0.994	
0.994	
0.994	
0.995	
0.995	
0.995	
0.996	
0.996	
0.996	
0.997	
0.997	
0.997	
0.998	
0.998	
0.998	
0.999	
0.999	
1.000	
1.000	
1.000	
1.001	
1.001	
1.002	
1.002	
1.003	
1.003	
1.003	
1.004	
1.004	
1.005	
1.005	
1.006	
1.006	
1.007	
1.007	
1.008	
1.009	
1.009	
1.010	
1.010	
1.011	
1.011	
1.012	
1.012	
1.013	
1.013	
1.014	
1.014	
1.015	
1.015	
1.015	
1.016	
1.016	
1.017	
1.017	
1.017	
1.017	
1.018	
1.018	
1.018	
1.018	
1.019	
1.019	
1.019	
1.019	
1.019	
1.019	
1.020	
1.020	
1.020	
1.020	
1.020	
1.020	
1.020	
1.020	
1.020	
1.020	
1.021	
1.021	
1.021	
1.021	
1.021	
1.021	
1.021	
1.021	
1.021	
1.021	
1.021	
1.021	
1.021	
1.021	
1.021	
1.021	
1.021	
1.021	
1.021	
1.021	
1.021	
1.020	
1.020	
1.020	
1.020	
1.020	
1.020	
1.019	
1.019	
1.019	
1.019	
1.019	
1.018	
1.018	
1.018	
1.017	
1.017	
1.017	
1.016	
1.016	
1.016	
1.015	
1.015	
1.015	
1.014	
1.014	
1.014	
1.013	
1.013	
1.013	
1.012	
1.012	
1.012	
1.011	
1.011	
1.010	
1.010	
1.009	
1.009	
1.008	
1.008	
1.008	
1.007	
1.007	
1.006	
1.006	
1.005	
1.005	
1.004	
1.004	
1.004	
1.003	
1.003	
1.002	
1.002	
1.001	
1.001	
1.000	
1.000	
1.000	
1.000	
0.999	
0.999	
0.999	
0.998	
0.998	
0.998	
0.997	
0.997	
0.997	
0.996	
0.996	
0.996	
0.995	
0.995	
0.995	
0.994	
0.994	
0.994	
0.994	
0.993	
0.993	
0.993	
0.992	
0.992	
0.992	
0.992	
0.991	
0.991	
0.991	
0.991	
0.991	
0.991	
0.991	
0.991	
0.991	
0.990	
0.990	
0.990	
0.990	
0.990	
0.990	
0.990	
0.990	
0.990	
0.990	
0.990	
0.990	
0.990	
0.990	
0.990	
0.990	
0.990	
0.990	
0.990	
0.990	
0.990	
0.990	
0.990	
0.990	
0.990	
0.990	
0.990	
0.990	
0.990	
0.991	
0.991	
0.991	
0.991	
0.991	
0.991	
0.991	
0.991	
0.991	
0.991	
0.991	
0.992	
0.992	
0.992	
0.992	
0.992	
0.992	
0.993	
0.993	
0.993	
0.993	
0.993	
0.994	
0.994	
0.994	
0.994	
0.995	
0.995	
0.995	
0.995	
0.996	
0.996	
0.996	
0.996	
0.997	
0.997	
0.997	
0.997	
0.997	
0.998	
0.998	
0.998	
0.998	
0.998	
0.999	
0.999	
0.999	
0.999	
1.000	
1.000	
1.000	
1.000	
1.000	
1.001	
1.001	
1.001	
1.001	
1.002	
1.002	
1.002	
1.002	
1.003	
1.003	
1.003	
1.003	
1.004	
1.004	
1.004	
1.005	
1.005	
1.005	
1.005	
1.006	
1.006	
1.006	
1.006	
1.007	
1.007	
1.007	
1.007	
1.007	
1.007	
1.008	
1.008	
1.008	
1.008	
1.008	
1.008	
1.008	
1.008	
1.008	
1.008	
1.008	
1.008	
1.009	
1.009	
1.009	
1.009	
1.009	
1.009	
1.009	
1.009	
1.009	
1.009	
1.009	
1.009	
1.009	
1.009	
1.009	
1.010	
1.010	
1.010	
1.010	
1.010	
1.010	
1.010	
1.009	
1.009	
1.009	
1.009	
1.009	
1.009	
1.009	
1.009	
1.009	
1.009	
1.009	
1.009	
1.009	
1.008	
1.008	
1.008	
1.008	
1.008	
1.008	
1.008	
1.007	
1.007	
1.007	
1.007	
1.007	
1.007	
1.007	
1.007	
1.007	
1.007	
1.006	
1.006	
1.006	
1.006	
1.006	
1.005	
1.005	
1.005	
1.005	
1.005	
1.004	
1.004	
1.004	
1.004	
1.003	
1.003	
1.003	
1.003	
1.002	
1.002	
1.002	
1.001	
1.001	
1.001	
1.000	
1.000	
1.000	
0.999	
0.999	
0.998	
0.998	
0.998	
0.997	
0.997	
0.996	
0.996	
0.995	
0.995	
0.995	
0.994	
0.994	
0.993	
0.993	
0.992	
0.992	
0.991	
0.991	
0.991	
0.990	
0.990	
0.989	
0.989	
0.988	
0.988	
0.987	
0.987	
0.987	
0.986	
0.986	
0.985	
0.985	
0.985	
0.984	
0.984	
0.983	
0.983	
0.982	
0.982	
0.981	
0.981	
0.981	
0.980	
0.980	
0.979	
0.979	
0.979	
0.978	
0.978	
0.978	
0.977	
0.977	
0.977	
0.976	
0.976	
0.976	
0.976	
0.975	
0.975	
0.975	
0.975	
0.975	
0.975	
0.975	
0.975	
0.974	
0.974	
0.974	
0.974	
0.974	
0.974	
0.974	
0.974	
0.974	
0.974	
0.974	
0.974	
0.974	
0.974	
0.974	
0.974	
0.974	
0.975	
0.975	
0.975	
0.975	
0.975	
0.976	
0.976	
0.976	
0.977	
0.977	
0.977	
0.977	
0.978	
0.978	
0.978	
0.979	
0.979	
0.979	
0.980	
0.980	
0.981	
0.981	
0.982	
0.983	
0.983	
0.984	
0.985	
0.985	
0.986	
0.987	
0.987	
0.988	
0.989	
0.989	
0.990	
0.991	
0.991	
0.992	
0.993	
0.994	
0.994	
0.995	
0.995	
0.996	
0.996	
0.997	
0.997	
0.998	
0.999	
0.999	
1.000	
1.000	
1.001	
1.001	
1.002	
1.002	
1.003	
1.003	
1.004	
1.004	
1.005	
1.005	
1.006	
1.007	
1.007	
1.008	
1.008	
1.009	
1.009	
1.010	
1.010	
1.011	
1.011	
1.012	
1.012	
1.013	
1.013	
1.014	
1.014	
1.014	
1.015	
1.015	
1.016	
1.016	
1.017	
1.017	
1.017	
1.018	
1.018	
1.018	
1.019	
1.019	
1.019	
1.020	
1.020	
1.020	
1.020	
1.021	
1.021	
1.021	
1.021	
1.021	
1.021	
1.021	
1.021	
1.022	
1.022	
1.022	
1.022	
1.022	
1.022	
1.022	
1.022	
1.022	
1.022	
1.022	
1.022	
1.022	
1.022	
1.022	
1.022	
1.022	
1.022	
1.022	
1.021	
1.021	
1.021	
1.021	
1.021	
1.020	
1.020	
1.020	
1.020	
1.019	
1.019	
1.019	
1.019	
1.018	
1.018	
1.018	
1.017	
1.017	
1.017	
1.017	
1.016	
1.016	
1.016	
1.016	
1.015	
1.015	
1.015	
1.015	
1.014	
1.014	
1.014	
1.014	
1.013	
1.013	
1.013	
1.012	
1.012	
1.012	
1.012	
1.011	
1.011	
1.011	
1.011	
1.010	
1.010	
1.010	
1.010	
1.009	
1.009	
1.009	
1.009	
1.008	
1.008	
1.008	
1.008	
1.008	
1.008	
1.008	
1.008	
1.008	
1.008	
1.008	
1.008	
1.008	
1.008	
1.008	
1.008	
1.008	
1.008	
1.009	
1.009	
1.009	
1.009	
1.009	
1.010	
1.010	
1.010	
1.011	
1.011	
1.011	
1.012	
1.012	
1.013	
1.013	
1.013	
1.014	
1.014	
1.015	
1.016	
1.016	
1.017	
1.017	
1.018	
1.018	
1.019	
1.020	
1.020	
1.021	
1.022	
1.023	
1.023	
1.024	
1.025	
1.026	
1.027	
1.027	
1.028	
1.029	
1.030	
1.031	
1.032	
1.032	
1.033	
1.034	
1.035	
1.036	
1.036	
1.037	
1.038	
1.039	
1.040	
1.040	
1.041	
1.042	
1.043	
1.043	
1.044	
1.045	
1.046	
1.046	
1.047	
1.048	
1.049	
1.049	
1.050	
1.051	
1.052	
1.052	
1.053	
1.054	
1.054	
1.055	
1.056	
1.057	
1.057	
1.058	
1.058	
1.059	
1.060	
1.060	
1.061	
1.061	
1.062	
1.062	
1.063	
1.063	
1.064	
1.064	
1.065	
1.065	
1.065	
1.066	
1.066	
1.066	
1.067	
1.067	
1.067	
1.067	
1.067	
1.067	
1.067	
1.067	
1.067	
1.067	
1.067	
1.066	
1.066	
1.065	
1.065	
1.064	
1.063	
1.062	
1.061	
1.059	
1.058	
1.056	
1.054	
1.052	
1.050	
1.048	
1.046	
1.043	
1.040	
1.037	
1.034	
1.031	
1.027	
1.024	
1.020	
1.016	
1.012	
1.008	
1.004	
1.000	
0.996	
0.992	
0.987	
0.983	
0.979	
0.975	
0.970	
0.966	
0.963	
0.959	
0.955	
0.951	
0.948	
0.945	
0.941	
0.939	
0.936	
0.933	
0.931	
0.929	
0.927	
0.925	
0.923	
0.922	
0.921	
0.920	
0.919	
0.918	
0.917	
0.916	
0.916	
0.916	
0.916	
0.916	
0.916	
0.916	
0.916	
0.916	
0.916	
0.917	
0.917	
0.917	
0.918	
0.918	
0.918	
0.919	
0.919	
0.920	
0.920	
0.920	
0.921	
0.921	
0.921	
0.922	
0.922	
0.922	
0.923	
0.923	
0.923	
0.923	
0.924	
0.924	
0.925	
0.925	
0.926	
0.926	
0.926	
0.927	
0.928	
0.928	
0.929	
0.929	
0.930	
0.930	
0.931	
0.931	
0.932	
0.933	
0.933	
0.934	
0.935	
0.935	
0.936	
0.936	
0.937	
0.938	
0.938	
0.938	
0.939	
0.939	
0.940	
0.940	
0.941	
0.941	
0.942	
0.942	
0.943	
0.944	
0.944	
0.945	
0.945	
0.946	
0.946	
0.947	
0.947	
0.948	
0.949	
0.949	
0.950	
0.951	
0.951	
0.952	
0.953	
0.953	
0.954	
0.954	
0.955	
0.955	
0.956	
0.956	
0.957	
0.957	
0.958	
0.958	
0.958	
0.959	
0.959	
0.960	
0.960	
0.960	
0.961	
0.961	
0.961	
0.962	
0.962	
0.962	
0.963	
0.963	
0.963	
0.963	
0.963	
0.964	
0.964	
0.964	
0.964	
0.964	
0.964	
0.964	
0.964	
0.964	
0.964	
0.964	
0.965	
0.965	
0.965	
0.965	
0.965	
0.966	
0.966	
0.967	
0.968	
0.968	
0.969	
0.970	
0.971	
0.973	
0.974	
0.976	
0.977	
0.979	
0.981	
0.983	
0.985	
0.987	
0.989	
0.992	
0.994	
0.997	
0.999	
1.002	
1.004	
1.007	
1.009	
1.012	
1.014	
1.017	
1.019	
1.021	
1.024	
1.025	
1.027	
1.029	
1.031	
1.033	
1.034	
1.036	
1.037	
1.038	
1.039	
1.040	
1.041	
1.041	
1.042	
1.042	
1.042	
1.043	
1.043	
1.042	
1.042	
1.042	
1.042	
1.041	
1.041	
1.040	
1.039	
1.039	
1.038	
1.037	
1.037	
1.036	
1.035	
1.034	
1.033	
1.033	
1.032	
1.031	
1.030	
1.030	
1.029	
1.028	
1.028	
1.027	
1.026	
1.026	
1.025	
1.025	
1.024	
1.024	
1.023	
1.023	
1.022	
1.022	
1.022	
1.021	
1.021	
1.021	
1.020	
1.020	
1.020	
1.020	
1.020	
1.020	
1.020	
1.020	
1.020	
1.019	
1.019	
1.019	
1.019	
1.019	
1.020	
1.020	
1.020	
1.020	
1.020	
1.020	
1.020	
1.021	
1.021	
1.021	
1.021	
1.022	
1.022	
1.022	
1.023	
1.023	
1.023	
1.024	
1.024	
1.025	
1.025	
1.025	
1.026	
1.026	
1.027	
1.027	
1.028	
1.028	
1.029	
1.029	
1.030	
1.030	
1.031	
1.031	
1.031	
1.032	
1.032	
1.033	
1.033	
1.033	
1.034	
1.034	
1.034	
1.034	
1.035	
1.035	
1.035	
1.035	
1.035	
1.035	
1.036	
1.036	
1.036	
1.036	
1.036	
1.036	
1.036	
1.036	
1.036	
1.036	
1.036	
1.036	
1.036	
1.035	
1.035	
1.035	
1.035	
1.035	
1.034	
1.034	
1.034	
1.033	
1.033	
1.033	
1.032	
1.032	
1.031	
1.031	
1.030	
1.030	
1.029	
1.029	
1.029	
1.028	
1.028	
1.027	
1.026	
1.026	
1.025	
1.024	
1.024	
1.023	
1.023	
1.022	
1.022	
1.021	
1.021	
1.020	
1.020	
1.019	
1.019	
1.018	
1.017	
1.017	
1.016	
1.016	
1.015	
1.015	
1.014	
1.014	
1.013	
1.013	
1.012	
1.012	
1.011	
1.011	
1.010	
1.009	
1.009	
1.008	
1.008	
1.007	
1.007	
1.006	
1.005	
1.005	
1.004	
1.004	
1.003	
1.003	
1.002	
1.002	
1.001	
1.001	
1.000	
1.000	
0.999	
0.999	
0.998	
0.998	
0.998	
0.998	
0.997	
0.997	
0.997	
0.997	
0.997	
0.998	
0.998	
0.998	
0.998	
0.998	
0.998	
0.999	
0.999	
0.999	
1.000	
1.000	
1.001	
1.001	
1.001	
1.002	
1.002	
1.003	
1.003	
1.004	
1.004	
1.004	
1.005	
1.005	
1.006	
1.006	
1.007	
1.007	
1.008	
1.008	
1.009	
1.009	
1.010	
1.010	
1.011	
1.011	
1.012	
1.012	
1.012	
1.012	
1.013	
1.013	
1.013	
1.013	
1.013	
1.014	
1.014	
1.014	
1.014	
1.014	
1.013	
1.013	
1.013	
1.013	
1.013	
1.012	
1.012	
1.012	
1.012	
1.011	
1.011	
1.010	
1.010	
1.009	
1.009	
1.008	
1.007	
1.007	
1.006	
1.005	
1.004	
1.003	
1.002	
1.000	
1.000	
1.000	
1.000	
1.000	
1.000	
1.000	
1.000	
1.000	
1.000	
1.000	
1.000	
1.000	
1.000	
1.000	
1.000	
1.000	
1.000	
1.000	
1.000	
1.000	
1.000	
1.000	
1.000	
1.000	
1.000	
1.000	
1.000	
1.000	
1.000	
1.000	
1.000	
1.000	
1.000	
1.000	
1.000	
1.000	
1.000	
1.000	
1.000	
1.000	
1.000	
1.000	
1.000	
1.000	
1.000	
1.000	
1.000	
1.000	
1.000	
1.000	
1.000	
1.000	
1.000	
1.000	
1.000	
1.000	
1.000	
1.000	
1.000	
1.000	
1.000	
1.000	
1.000	
1.000	
1.000	
1.000	
1.000	
1.000	
1.000	
1.000	
1.000	
1.000	
1.000	
1.000	
1.000	
1.000	
1.000	
1.000	
1.000	
1.000	
1.000	
1.000	
1.000	
1.000	
1.000	
1.000	
1.000	
1.000	
1.000	
1.000	
1.000	
1.000	
1.000	
1.000	
1.000	
1.000	
1.000	
1.000	
1.000	
1.000	
1.000	
1.000	
1.000	
1.000	
1.000	
1.000	
1.000	
1.000	
1.000	
1.000	
1.000	
1.000	
1.000	
1.000	
1.000	
1.000	
1.000	
1.000	
1.000	
1.000	
1.000	
1.000	
1.000	
1.000	
1.000	
1.000	
1.000	
1.000	
1.000	
1.000	
1.000	
1.000	
1.000	
1.000	
1.000	
1.000	
1.000	
1.000	
1.000	
1.000	
1.000	
1.000	
1.000	
1.000	
1.000	
1.000	
1.000	
1.000	
1.000	
1.000	
1.000	
1.000	
1.000	
1.000	
1.000	
1.000	
1.000	
1.000	
1.000	
1.000	
1.000	
1.000	
1.000	
1.000	
1.000	
1.000	
1.000	
1.000	
1.000	
1.000	
1.000	
1.000	
1.000	
1.000	
1.000	
1.000	
1.000	
1.000	
1.000	
1.000	
1.000	
1.000	
1.000	
1.000	
1.000	
1.000	
1.000	
1.000	
1.000	
1.000	
1.000	
1.000	
1.000	
1.000	
1.000	
1.000	
1.000	
1.000	
1.000	
1.000	
1.000	
1.000	
1.000	
1.000	
1.000	
1.000	
1.000	
1.000	
1.000	
1.000	
1.000	
1.000	
1.000	
1.000	
1.000	
1.000	
1.000	
1.000	
1.000	
1.000	
1.000	
1.000	
1.000	
1.000	
1.000	
1.000	
1.000	
1.000	
1.000	
1.000	
1.000	
1.000	
1.000	
1.000	
1.000	
1.000	
1.000	
1.000	
1.000	
1.000	
1.000	
1.000	
1.000	
1.000	
1.000	
1.000	
1.000	
1.000	
1.000	
1.000	
1.000	
1.000	
1.000	
1.000	
1.000	
1.000	
1.000	
1.000	
1.000	
1.000	
1.000	
1.000	
1.000	
1.000	
1.000	
1.000	
1.000	
1.000	
1.000	
1.000	
1.000	
1.000	
1.000	
1.000	
1.000	
1.000	
1.000	
1.000	
1.000	
1.000	
1.000	
1.000	
1.000	
1.000	
1.000	
1.000	
1.000	
1.000	
1.000	
1.000	
1.000	
1.000	
1.000	
1.000	
1.000	
1.000	
1.000	
1.000	
1.000	
1.000	
1.000	
1.000	
1.000	
1.000	
1.000	
1.000	
1.000	
1.000	
1.000	
1.000	
1.000	
1.000	
1.000	
1.000	
1.000	
1.000	
1.000	
1.000	
1.000	
1.000	
1.000	
1.000	
1.000	
1.000	
1.000	
1.000	
1.000	
1.000	
1.000	
1.000	
1.000	
1.000	
1.000	
1.000	
1.000	
1.000	
1.000	
1.000	
1.000	
1.000	
1.000	
1.000	
1.000	
1.000	
1.000	
1.000	
1.000	
1.000	
1.000	
1.000	
1.000	
1.000	
1.000	
1.000	
1.000	
1.000	
1.000	
1.000	
1.000	
1.000	
1.000	
1.000	
1.000	
1.000	
1.000	
1.000	
1.000	
1.000	
1.000	
1.000	
1.000	
1.000	
1.000	
1.000	
1.000	
1.000	
1.000	
1.000	
1.000	
1.000	
1.000	
1.000	
1.000	
1.000	
1.000	
1.000	
1.000	
1.000	
1.000	
1.000	
1.000	
1.000	
1.000	
1.000	
1.000	
1.000	
1.000	
1.000	
1.000	
1.000	
1.000	
1.000	
1.000	
1.000	
1.000	
1.000	
1.000	
1.000	
1.000	
1.000	
1.000	
1.000	
1.000	
1.000	
1.000	
1.000	
1.000	
1.000	
1.000	
1.000	
1.000	
1.000	
1.000	
1.000	
1.000	
1.000	
1.000	
1.000	
1.000	
1.000	
1.000	
1.000	
1.000	
1.000	
1.000	
1.000	
1.000	
1.000	
1.000	
1.000	
1.000	
1.000	
1.000	
1.000	
1.000	
1.000	
1.000	
1.000	
1.000	
1.000	
1.000	
1.000	
1.000	
1.000	
1.000	
1.000	
1.000	
1.000	
1.000	
1.000	
1.000	
1.000	
1.000	
1.000	
1.000	
1.000	
1.000	
1.000	
1.000	
1.000	
1.000	
1.000	
1.000	
1.000	
1.000	
1.000	
1.000	
1.000	
1.000	
1.000	
1.000	
1.000	
1.000	
1.000	
1.000	
1.000	
1.000	
1.000	
1.000	
1.000	
1.000	
1.000	
1.000	
1.000	
1.000	
1.000	
1.000	
1.000	
1.000	
1.000	
1.000	
1.000	
1.000	
1.000	
1.000	
1.000	
1.000	
1.000	
1.000	
1.000	
1.000	
1.000	
1.000	
1.000	
1.000	
1.000	
1.000	
1.000	
1.000	
1.000	
1.000	
1.000	
1.000	
1.000	
1.000	
1.000	
1.000	
1.000	
1.000	
1.000	
1.000	
1.000	
1.000	
1.000	
1.000	
1.000	
1.000	
1.000	
1.000	
1.000	
1.000	
1.000	
1.000	
1.000	
1.000	
1.000	
1.000	
1.000	
1.000	
1.000	
1.000	
1.000	
1.000	
1.000	
1.000	
1.000	
1.000	
1.000	
1.000	
1.000	
1.000	
1.000	
1.000	
1.000	
1.000	
1.000	
1.000	
1.000	
1.000	
1.000	
1.000	
1.000	
1.000	
1.000	
1.000	
1.000	
1.000	
1.000	
1.000	
1.000	
1.000	
1.000	
1.000	
1.000	
1.000	
1.000	
1.000	
1.000	
1.000	
1.000	
1.000	
1.000	
1.000	
1.000	
1.000	
1.000	
1.000	
1.000	
1.000	
1.000	
1.000	
1.000	
1.000	
1.000	
1.000	
1.000	
1.000	
1.000	
1.000	
1.000	
1.000	
1.000	
1.000	
1.000	
1.000	
1.000	
1.000	
1.000	
1.000	
1.000	
1.000	
1.000	
1.000	
1.000	
1.000	
1.000	
1.000	
1.000	
1.000	
1.000	
1.000	
1.000	
1.000	
1.000	
1.000	
1.000	
1.000	
1.000	
1.000	
1.000	
1.000	
1.000	
1.000	
1.000	
1.000	
1.000	
1.000	
1.000	
1.000	
1.000	
1.000	
1.000	
1.000	
1.000	
1.000	
1.000	
1.000	
1.000	
1.000	
1.000	
1.000	
1.000	
1.000	
1.000	
1.000	
1.000	
1.000	
1.000	
1.000	
1.000	
1.000	
1.000	
1.000	
1.000	
1.000	
1.000	
1.000	
1.000	
1.000	
1.000	
1.000	
1.000	
1.000	
1.000	
1.000	
1.000	
1.000	
1.000	
1.000	
1.000	
1.000	
1.000	
1.000	
1.000	
1.000	
1.000	
1.000	
1.000	
1.000	
1.000	
1.000	
1.000	
1.000	
1.000	
1.000	
1.000	
1.000	
1.000	
1.000	
1.000	
1.000	
1.000	
1.000	
1.000	
1.000	
1.000	
1.000	
1.000	
1.000	
1.000	
1.000	
1.000	
1.000	
1.000	
1.000	
1.000	
1.000	
1.000	
1.000	
1.000	
1.000	
1.000	
1.000	
1.000	
1.000	
1.000	
1.000	
1.000	
1.000	
1.000	
1.000	
1.000	
1.000	
1.000	
1.000	
1.000	
1.000	
1.000	
1.000	
1.000	
1.000	
1.000	
1.000	
1.000	
1.000	
1.000	
1.000	
1.000	
1.000	
1.000	
1.000	
1.000	
1.000	
1.000	
1.000	
1.000	
1.000	
1.000	
1.000	
1.000	
1.000	
1.000	
1.000	
1.000	
1.000	
1.000	
1.000	
1.000	
1.000	
1.000	
1.000	
1.000	
1.000	
1.000	
1.000	
1.000	
1.000	
1.000	
1.000	
1.000	
1.000	
1.000	
1.000	
1.000	
1.000	
1.000	
1.000	
1.000	
1.000	
1.000	
1.000	
1.000	
1.000	
1.000	
1.000	
1.000	
1.000	
1.000	
1.000	
1.000	
1.000	
1.000	
1.000	
1.000	
1.000	
1.000	
1.000	
1.000	
1.000	
1.000	
1.000	
1.000	
1.000	
1.000	
1.000	
1.000	
1.000	
1.000	
1.000	
1.000	
1.000	
1.000	
1.000	
1.000	
1.000	
1.000	
1.000	
1.000	
1.000	
1.000	
1.000	
1.000	
1.000	
1.000	
1.000	
0

0.000	
0.000	
0.000	
0.000	
0.000	
0.000	
0.000	
0.000	
0.000	
0.000	
0.000	
0.000	
0.000	
0.000	
0.000	
0.000	
0.000	
0.000	
0.000	
0.000	
0.000	
0.000	
0.000	
0.000	
0.000	
0.000	
0.000	
0.000	
0.000	
0.000	
0.000	
0.000	
0.000	
0.000	
0.000	
0.000	
0.000	
0.000	
0.000	
0.000	
0.000	
0.000	
0.000	
296.534	
291.489	
287.164	
282.697	
278.309	
273.943	
269.712	
266.002	
261.577	
257.469	
253.130	
249.003	
245.187	
241.681	
238.190	
234.388	
231.102	
227.694	
224.460	
220.862	
217.782	
215.044	
212.039	
208.711	
205.548	
202.922	
200.139	
197.213	
194.541	
192.104	
189.794	
187.762	
185.490	
183.285	
181.205	
178.969	
177.031	
174.941	
173.089	
170.829	
168.956	
166.947	
165.015	
163.187	
161.476	
159.829	
157.973	
156.287	
154.787	
153.107	
151.505	
149.852	
148.186	
146.724	
145.236	
143.677	
142.295	
140.710	
139.318	
137.869	
136.630	
135.419	
134.116	
132.726	
131.467	
130.326	
129.217	
127.962	
126.791	
125.553	
124.367	
123.249	
122.167	
121.110	
119.979	
118.864	
117.738	
116.679	
115.793	
114.881	
113.944	
112.961	
111.896	
111.026	
110.164	
109.213	
108.261	
107.333	
106.586	
105.725	
104.926	
104.119	
103.332	
102.608	
101.758	
100.991	
100.253	
99.553	
98.825	
98.076	
97.267	
96.482	
95.760	
95.106	
94.335	
93.652	
92.994	
92.364	
91.683	
90.960	
90.305	
89.657	
89.006	
88.327	
87.597	
87.032	
86.418	
85.816	
85.164	
84.555	
83.944	
83.424	
82.869	
82.287	
81.762	
81.232	
80.647	
80.124	
79.565	
79.037	
78.538	
78.012	
77.482	
76.956	
76.475	
75.969	
75.504	
74.994	
74.528	
74.082	
73.623	
73.190	
72.710	
72.272	
71.872	
71.451	
71.042	
70.648	
70.189	
69.802	
69.414	
69.010	
68.615	
68.262	
67.923	
67.570	
67.228	
66.861	
66.530	
66.197	
65.869	
65.561	
65.247	
64.957	
64.642	
64.368	
64.048	
63.736	
63.442	
63.169	
62.866	
62.603	
62.333	
62.066	
61.796	
61.515	
61.241	
60.999	
60.735	
60.493	
60.223	
59.967	
59.724	
59.486	
59.248	
59.015	
58.773	
58.569	
58.345	
58.123	
57.925	
57.713	
57.492	
57.295	
57.077	
56.872	
56.688	
56.499	
56.326	
56.135	
55.953	
55.769	
55.600	
55.417	
55.243	
55.068	
54.912	
54.734	
54.553	
54.402	
54.251	
54.088	
53.939	
53.776	
53.610	
53.446	
53.281	
53.113	
52.963	
52.767	
52.568	
52.381	
52.218	
52.031	
51.836	
51.644	
51.444	
51.215	
50.995	
50.757	
50.508	
50.259	
50.009	
49.761	
49.492	
49.192	
48.921	
48.611	
48.290	
47.943	
47.622	
47.306	
46.951	
46.574	
46.208	
45.816	
45.407	
44.987	
44.593	
44.176	
43.756	
43.333	
42.878	
42.437	
41.994	
41.545	
41.102	
40.652	
40.207	
39.779	
39.349	
38.905	
38.455	
38.031	
37.612	
37.195	
36.797	
36.388	
36.001	
35.615	
35.243	
34.878	
34.524	
34.183	
33.852	
33.518	
33.208	
32.913	
32.627	
32.346	
32.075	
31.812	
31.552	
31.303	
31.063	
30.823	
30.600	
30.379	
30.185	
29.983	
29.784	
29.587	
29.404	
29.215	
29.041	
28.857	
28.680	
28.507	
28.335	
28.169	
28.011	
27.843	
27.683	
27.530	
27.384	
27.230	
27.086	
26.932	
26.784	
26.633	
26.490	
26.343	
26.205	
26.058	
25.921	
25.784	
25.651	
25.514	
25.379	
25.244	
25.111	
24.973	
24.845	
24.716	
24.589	
24.469	
24.352	
24.239	
24.120	
24.002	
23.881	
23.761	
23.644	
23.528	
23.419	
23.303	
23.187	
23.074	
22.971	
22.860	
22.754	
22.644	
22.541	
22.435	
22.327	
22.225	
22.118	
22.015	
21.910	
21.813	
21.714	
21.615	
21.524	
21.430	
21.332	
21.236	
21.149	
21.073	
20.988	
20.899	
20.817	
20.733	
20.651	
20.566	
20.487	
20.408	
20.325	
20.247	
20.166	
20.086	
20.012	
19.939	
19.869	
19.792	
19.722	
19.654	
19.586	
19.514	
19.438	
19.367	
19.303	
19.238	
19.173	
19.106	
19.047	
18.985	
18.923	
18.863	
18.801	
18.747	
18.690	
18.623	
18.561	
18.498	
18.444	
18.389	
18.331	
18.271	
18.214	
18.157	
18.101	
18.041	
17.981	
17.928	
17.874	
17.814	
17.759	
17.709	
17.655	
17.601	
17.540	
17.485	
17.435	
17.389	
17.344	
17.293	
17.238	
17.189	
17.143	
17.093	
17.046	
17.000	
16.954	
16.912	
16.869	
16.831	
16.792	
16.753	
16.711	
16.671	
16.633	
16.601	
16.567	
16.532	
16.491	
16.450	
16.414	
16.381	
16.348	
16.312	
16.282	
16.248	
16.215	
16.184	
16.155	
16.123	
16.093	
16.061	
16.026	
15.997	
15.966	
15.936	
15.905	
15.875	
15.845	
15.819	
15.794	
15.764	
15.736	
15.710	
15.687	
15.664	
15.641	
15.624	
15.608	
15.582	
15.559	
15.535	
15.517	
15.499	
15.482	
15.468	
15.450	
15.432	
15.416	
15.401	
15.387	
15.371	
15.358	
15.341	
15.325	
15.309	
15.292	
15.275	
15.255	
15.236	
15.220	
15.206	
15.190	
15.172	
15.157	
15.139	
15.122	
15.110	
15.094	
15.081	
15.068	
15.052	
15.039	
15.026	
15.018	
15.008	
14.998	
14.987	
14.979	
14.971	
14.960	
14.954	
14.946	
14.937	
14.931	
14.921	
14.912	
14.905	
14.897	
14.892	
14.883	
14.877	
14.872	
14.866	
14.858	
14.849	
14.844	
14.836	
14.828	
14.819	
14.806	
14.791	
14.769	
14.748	
14.719	
14.687	
14.661	
14.626	
14.588	
14.548	
14.503	
14.456	
14.408	
14.357	
14.305	
14.252	
14.198	
14.137	
14.077	
14.017	
13.954	
13.892	
13.831	
13.775	
13.715	
13.660	
13.608	
13.553	
13.502	
13.448	
13.399	
13.348	
13.299	
13.248	
13.199	
13.151	
13.101	
13.049	
13.003	
12.956	
12.911	
12.864	
12.818	
12.773	
12.729	
12.686	
12.648	
12.606	
12.566	
12.523	
12.484	
12.441	
12.402	
12.361	
12.322	
12.285	
12.246	
12.211	
12.177	
12.142	
12.106	
12.071	
12.039	
12.007	
11.976	
11.944	
11.913	
11.881	
11.850	
11.816	
11.785	
11.756	
11.728	
11.699	
11.672	
11.643	
11.614	
11.586	
11.560	
11.534	
11.507	
11.482	
11.454	
11.428	
11.403	
11.374	
11.347	
11.320	
11.292	
11.263	
11.241	
11.217	
11.190	
11.165	
11.141	
11.117	
11.093	
11.071	
11.048	
11.023	
10.997	
10.973	
10.950	
10.929	
10.904	
10.882	
10.861	
10.838	
10.817	
10.796	
10.776	
10.752	
10.729	
10.707	
10.683	
10.661	
10.638	
10.616	
10.593	
10.571	
10.548	
10.527	
10.505	
10.483	
10.460	
10.438	
10.414	
10.392	
10.373	
10.353	
10.332	
10.309	
10.286	
10.264	
10.246	
10.226	
10.205	
10.184	
10.164	
10.144	
10.122	
10.101	
10.080	
10.060	
10.039	
10.019	
9.999	
9.981	
9.960	
9.938	
9.917	
9.896	
9.876	
9.858	
9.838	
9.817	
9.798	
9.779	
9.759	
9.737	
9.717	
9.697	
9.677	
9.658	
9.639	
9.619	
9.599	
9.580	
9.560	
9.542	
9.521	
9.501	
9.482	
9.464	
9.444	
9.424	
9.404	
9.383	
9.362	
9.342	
9.324	
9.304	
9.286	
9.266	
9.247	
9.226	
9.207	
9.188	
9.168	
9.146	
9.125	
9.108	
9.090	
9.071	
9.051	
9.032	
9.014	
8.995	
8.977	
8.958	
8.940	
8.919	
8.902	
8.884	
8.866	
8.846	
8.827	
8.808	
8.790	
8.771	
8.753	
8.736	
8.717	
8.698	
8.679	
8.661	
8.641	
8.623	
8.606	
8.588	
8.571	
8.552	
8.534	
8.516	
8.498	
8.479	
8.462	
8.445	
8.429	
8.410	
8.392	
8.376	
8.358	
8.340	
8.322	
8.305	
8.286	
8.268	
8.249	
8.231	
8.214	
8.195	
8.177	
8.160	
8.141	
8.123	
8.105	
8.087	
8.069	
8.050	
8.034	
8.017	
7.998	
7.981	
7.962	
7.945	
7.927	
7.910	
7.894	
7.878	
7.860	
7.841	
7.825	
7.809	
7.792	
7.775	
7.758	
7.739	
7.722	
7.705	
7.689	
7.672	
7.655	
7.639	
7.622	
7.605	
7.588	
7.572	
7.555	
7.538	
7.522	
7.506	
7.490	
7.473	
7.455	
7.439	
7.422	
7.405	
7.390	
7.374	
7.358	
7.341	
7.325	
7.307	
7.290	
7.273	
7.257	
7.239	
7.222	
7.204	
7.187	
7.171	
7.155	
7.138	
7.122	
7.105	
7.089	
7.073	
7.058	
7.041	
7.025	
7.009	
6.994	
6.978	
6.963	
6.948	
6.933	
6.917	
6.904	
6.889	
6.875	
6.860	
6.844	
6.829	
6.814	
6.799	
6.785	
6.769	
6.755	
6.739	
6.724	
6.708	
6.692	
6.677	
6.661	
6.645	
6.630	
6.614	
6.599	
6.583	
6.568	
6.553	
6.538	
6.524	
6.509	
6.495	
6.480	
6.466	
6.451	
6.437	
6.423	
6.408	
6.394	
6.381	
6.367	
6.353	
6.340	
6.326	
6.312	
6.298	
6.285	
6.271	
6.256	
6.241	
6.227	
6.211	
6.197	
6.183	
6.168	
6.155	
6.140	
6.127	
6.113	
6.100	
6.085	
6.071	
6.057	
6.043	
6.028	
6.015	
6.001	
5.987	
5.973	
5.960	
5.947	
5.934	
5.921	
5.907	
5.894	
5.881	
5.867	
5.854	
5.839	
5.826	
5.813	
5.800	
5.786	
5.773	
5.760	
5.747	
5.734	
5.722	
5.709	
5.697	
5.685	
5.673	
5.660	
5.648	
5.636	
5.623	
5.611	
5.598	
5.587	
5.576	
5.564	
5.551	
5.539	
5.528	
5.517	
5.505	
5.493	
5.481	
5.470	
5.458	
5.445	
5.432	
5.419	
5.407	
5.395	
5.382	
5.370	
5.357	
5.345	
5.334	
5.322	
5.310	
5.298	
5.287	
5.275	
5.263	
5.252	
5.240	
5.228	
5.216	
5.204	
5.193	
5.182	
5.171	
5.161	
5.149	
5.139	
5.128	
5.117	
5.106	
5.094	
5.082	
5.071	
5.060	
5.048	
5.037	
5.026	
5.014	
5.003	
4.992	
4.982	
4.971	
4.960	
4.950	
4.939	
4.928	
4.918	
4.907	
4.897	
4.886	
4.875	
4.865	
4.854	
4.843	
4.832	
4.822	
4.811	
4.801	
4.790	
4.779	
4.769	
4.758	
4.747	
4.736	
4.725	
4.715	
4.704	
4.693	
4.682	
4.671	
4.661	
4.651	
4.640	
4.630	
4.620	
4.609	
4.599	
4.590	
4.580	
4.570	
4.560	
4.550	
4.540	
4.531	
4.521	
4.511	
4.502	
4.492	
4.482	
4.473	
4.463	
4.454	
4.444	
4.435	
4.426	
4.416	
4.406	
4.397	
4.387	
4.378	
4.369	
4.360	
4.351	
4.342	
4.333	
4.323	
4.314	
4.305	
4.296	
4.287	
4.278	
4.268	
4.259	
4.250	
4.241	
4.232	
4.223	
4.214	
4.206	
4.197	
4.188	
4.179	
4.170	
4.161	
4.152	
4.143	
4.135	
4.126	
4.117	
4.109	
4.100	
4.092	
4.084	
4.075	
4.067	
4.059	
4.050	
4.042	
4.034	
4.026	
4.018	
4.010	
4.002	
3.994	
3.986	
3.977	
3.970	
3.962	
3.954	
3.946	
3.938	
3.930	
3.922	
3.914	
3.906	
3.898	
3.890	
3.882	
3.874	
3.866	
3.859	
3.851	
3.843	
3.836	
3.828	
3.821	
3.813	
3.805	
3.798	
3.790	
3.783	
3.775	
3.768	
3.761	
3.754	
3.747	
3.740	
3.732	
3.725	
3.717	
3.710	
3.703	
3.695	
3.688	
3.680	
3.673	
3.665	
3.658	
3.651	
3.644	
3.637	
3.630	
3.623	
3.616	
3.609	
3.602	
3.595	
3.588	
3.581	
3.574	
3.568	
3.561	
3.554	
3.548	
3.541	
3.534	
3.527	
3.521	
3.514	
3.507	
3.501	
3.494	
3.488	
3.481	
3.474	
3.468	
3.461	
3.455	
3.448	
3.442	
3.435	
3.428	
3.421	
3.415	
3.409	
3.402	
3.396	
3.390	
3.384	
3.377	
3.371	
3.364	
3.358	
3.351	
3.345	
3.338	
3.332	
3.325	
3.319	
3.313	
3.306	
3.300	
3.293	
3.288	
3.282	
3.275	
3.269	
3.263	
3.257	
3.251	
3.245	
3.239	
3.233	
3.227	
3.220	
3.215	
3.209	
3.203	
3.197	
3.191	
3.185	
3.178	
3.172	
3.167	
3.160	
3.154	
3.148	
3.142	
3.136	
3.130	
3.123	
3.117	
3.111	
3.105	
3.099	
3.093	
3.087	
3.081	
3.075	
3.070	
3.064	
3.058	
3.052	
3.046	
3.040	
3.035	
3.029	
3.023	
3.017	
3.011	
3.005	
2.999	
2.994	
2.989	
2.983	
2.978	
2.972	
2.967	
2.961	
2.955	
2.949	
2.944	
2.939	
2.934	
2.928	
2.923	
2.917	
2.912	
2.907	
2.901	
2.896	
2.891	
2.885	
2.880	
2.874	
2.869	
2.863	
2.858	
2.853	
2.847	
2.842	
2.837	
2.832	
2.826	
2.821	
2.816	
2.811	
2.806	
2.800	
2.796	
2.791	
2.785	
2.780	
2.775	
2.770	
2.765	
2.760	
2.756	
2.751	
2.746	
2.741	
2.736	
2.731	
2.726	
2.721	
2.716	
2.711	
2.707	
2.702	
2.697	
2.692	
2.688	
2.683	
2.678	
2.674	
2.669	
2.665	
2.660	
2.656	
2.651	
2.646	
2.642	
2.637	
2.632	
2.627	
2.623	
2.618	
2.613	
2.609	
2.604	
2.599	
2.595	
2.590	
2.585	
2.581	
2.576	
2.571	
2.566	
2.562	
2.557	
2.553	
2.549	
2.544	
2.540	
2.535	
2.531	
2.527	
2.523	
2.519	
2.515	
2.510	
2.506	
2.502	
2.498	
2.494	
2.490	
2.486	
2.482	
2.478	
2.474	
2.470	
2.467	
2.463	
2.459	
2.455	
2.451	
2.447	
2.443	
2.439	
2.435	
2.431	
2.427	
2.424	
2.420	
2.416	
2.412	
2.408	
2.405	
2.401	
2.397	
2.393	
2.389	
2.385	
2.381	
2.377	
2.373	
2.370	
2.366	
2.362	
2.358	
2.354	
2.351	
2.347	
2.343	
2.339	
2.335	
2.332	
2.328	
2.324	
2.321	
2.317	
2.313	
2.310	
2.306	
2.303	
2.299	
2.296	
2.293	
2.289	
2.286	
2.282	
2.279	
2.275	
2.272	
2.269	
2.265	
2.262	
2.258	
2.255	
2.252	
2.248	
2.245	
2.242	
2.238	
2.235	
2.232	
2.228	
2.225	
2.222	
2.218	
2.215	
2.212	
2.208	
2.205	
2.202	
2.198	
2.195	
2.192	
2.188	
2.185	
2.181	
2.178	
2.175	
2.172	
2.168	
2.165	
2.162	
2.159	
2.155	
2.152	
2.149	
2.146	
2.142	
2.139	
2.136	
2.133	
2.130	
2.127	
2.124	
2.121	
2.118	
2.115	
2.112	
2.109	
2.106	
2.103	
2.100	
2.096	
2.093	
2.090	
2.087	
2.084	
2.081	
2.078	
2.075	
2.072	
2.069	
2.066	
2.063	
2.060	
2.057	
2.054	
2.051	
2.048	
2.045	
2.042	
2.039	
2.037	
2.034	
2.031	
2.028	
2.025	
2.023	
2.020	
2.017	
2.014	
2.011	
2.008	
2.006	
2.003	
2.000	
1.997	
1.994	
1.991	
1.988	
1.985	
1.982	
1.979	
1.976	
1.973	
1.970	
1.967	
1.965	
1.962	
1.959	
1.956	
1.953	
1.951	
1.948	
1.945	
1.942	
1.940	
1.937	
1.935	
1.932	
1.929	
1.927	
1.924	
1.921	
1.919	
1.916	
1.913	
1.911	
1.908	
1.906	
1.903	
1.901	
1.898	
1.895	
1.893	
1.890	
1.888	
1.885	
1.883	
1.880	
1.877	
1.875	
1.872	
1.870	
1.867	
1.865	
1.862	
1.859	
1.857	
1.854	
1.851	
1.849	
1.847	
1.844	
1.841	
1.839	
1.836	
1.834	
1.831	
1.829	
1.826	
1.824	
1.822	
1.819	
1.817	
1.814	
1.812	
1.810	
1.807	
1.805	
1.803	
1.800	
1.798	
1.795	
1.793	
1.791	
1.788	
1.786	
1.784	
1.782	
1.779	
1.777	
1.775	
1.773	
1.771	
1.769	
1.766	
1.764	
1.761	
1.759	
1.757	
1.755	
1.752	
1.750	
1.748	
1.746	
1.744	
1.741	
1.739	
1.737	
1.735	
1.733	
1.730	
1.728	
1.726	
1.723	
1.721	
1.719	
1.717	
1.715	
1.713	
1.711	
1.709	
1.707	
1.705	
1.703	
1.701	
1.699	
1.697	
1.695	
1.693	
1.691	
1.689	
1.687	
1.685	
1.683	
1.681	
1.679	
1.677	
1.675	
1.673	
1.671	
1.669	
1.667	
1.665	
1.663	
1.661	
1.659	
1.657	
1.656	
1.653	
1.651	
1.649	
1.648	
1.646	
1.644	
1.642	
1.640	
1.638	
1.636	
1.634	
1.632	
1.630	
1.628	
1.626	
1.624	
1.622	
1.621	
1.619	
1.617	
1.615	
1.613	
1.611	
1.609	
1.607	
1.605	
1.604	
1.602	
1.600	
1.598	
1.596	
1.595	
1.593	
1.591	
1.589	
1.587	
1.585	
1.583	
1.582	
1.580	
1.578	
1.576	
1.574	
1.573	
1.571	
1.569	
1.567	
1.566	
1.564	
1.562	
1.560	
1.558	
1.556	
1.554	
1.553	
1.551	
1.549	
1.548	
1.546	
1.544	
1.542	
1.541	
1.539	
1.537	
1.535	
1.534	
1.532	
1.530	
1.528	
1.526	
1.525	
1.523	
1.521	
1.519	
1.518	
1.516	
1.514	
1.513	
1.511	
1.509	
1.507	
1.506	
1.504	
1.502	
1.500	
1.499	
1.497	
1.495	
1.493	
1.492	
1.490	
1.488	
1.486	
1.485	
1.483	
1.482	
1.480	
1.478	
1.476	
1.475	
1.473	
1.471	
1.469	
1.468	
1.466	
1.465	
1.463	
1.461	
1.460	
1.458	
1.456	
1.455	
1.453	
1.451	
1.450	
1.448	
1.446	
1.444	
1.443	
1.441	
1.440	
1.438	
1.437	
1.435	
1.433	
1.432	
1.430	
1.428	
1.427	
1.425	
1.424	
1.422	
1.420	
1.419	
1.417	
1.416	
1.414	
1.413	
1.411	
1.409	
1.408	
1.406	
1.405	
1.403	
1.402	
1.400	
1.399	
1.397	
1.396	
1.394	
1.393	
1.391	
1.390	
1.389	
1.387	
1.386	
1.384	
1.383	
1.382	
1.380	
1.379	
1.377	
1.376	
1.374	
1.373	
1.372	
1.370	
1.369	
1.368	
1.366	
1.365	
1.364	
1.362	
1.361	
1.359	
1.358	
1.357	
1.355	
1.354	
1.353	
1.352	
1.350	
1.349	
1.348	
1.347	
1.345	
1.344	
1.342	
1.341	
1.340	
1.338	
1.337	
1.336	
1.335	
1.333	
1.332	
1.331	
1.330	
1.328	
1.327	
1.326	
1.324	
1.323	
1.322	
1.321	
1.320	
1.319	
1.317	
1.316	
1.315	
1.314	
1.312	
1.311	
1.310	
1.309	
1.308	
1.306	
1.305	
1.304	
1.303	
1.302	
1.300	
1.299	
1.298	
1.297	
1.295	
1.294	
1.293	
1.291	
1.290	
1.289	
1.288	
1.287	
1.285	
1.284	
1.283	
1.282	
1.280	
1.279	
1.278	
1.277	
1.275	
1.274	
1.273	
1.272	
1.270	
1.269	
1.268	
1.267	
1.265	
1.264	
1.263	
1.262	
1.260	
1.259	
1.258	
1.256	
1.255	
1.254	
1.253	
1.251	
1.250	
1.249	
1.247	
1.246	
1.245	
1.243	
1.242	
1.241	
1.240	
1.238	
1.237	
1.235	
1.234	
1.233	
1.231	
1.230	
1.229	
1.227	
1.226	
1.225	
1.223	
1.222	
1.221	
1.219	
1.218	
1.217	
1.215	
1.214	
1.213	
1.212	
1.210	
1.209	
1.208	
1.206	
1.205	
1.204	
1.203	
1.202	
1.200	
1.199	
1.198	
1.197	
1.196	
1.194	
1.193	
1.192	
1.191	
1.190	
1.189	
1.187	
1.186	
1.185	
1.184	
1.183	
1.182	
1.180	
1.179	
1.178	
1.177	
1.176	
1.175	
1.174	
1.173	
1.172	
1.170	
1.169	
1.168	
1.167	
1.166	
1.165	
1.164	
1.163	
1.162	
1.161	
1.160	
1.159	
1.158	
1.157	
1.156	
1.155	
1.154	
1.153	
1.152	
1.151	
1.150	
1.149	
1.148	
1.147	
1.145	
1.144	
1.143	
1.142	
1.141	
1.140	
1.139	
1.138	
1.137	
1.136	
1.135	
1.134	
1.133	
1.132	
1.131	
1.130	
1.129	
1.128	
1.127	
1.126	
1.125	
1.124	
1.123	
1.122	
1.121	
1.121	
1.120	
1.119	
1.118	
1.117	
1.116	
1.116	
1.115	
1.114	
1.113	
1.112	
1.111	
1.110	
1.110	
1.109	
1.108	
1.107	
1.107	
1.106	
1.105	
1.104	
1.103	
1.103	
1.102	
1.101	
1.100	
1.099	
1.099	
1.098	
1.097	
1.096	
1.095	
1.095	
1.094	
1.093	
1.092	
1.091	
1.091	
1.090	
1.089	
1.089	
1.088	
1.087	
1.086	
1.086	
1.085	
1.084	
1.083	
1.083	
1.082	
1.081	
1.081	
1.080	
1.079	
1.079	
1.078	
1.078	
1.077	
1.076	
1.076	
1.075	
1.074	
1.074	
1.073	
1.073	
1.072	
1.072	
1.071	
1.071	
1.070	
1.070	
1.069	
1.069	
1.068	
1.068	
1.068	
1.067	
1.067	
1.066	
1.066	
1.065	
1.065	
1.064	
1.064	
1.063	
1.063	
1.062	
1.062	
1.061	
1.061	
1.060	
1.060	
1.059	
1.059	
1.058	
1.058	
1.057	
1.057	
1.056	
1.056	
1.056	
1.055	
1.055	
1.054	
1.054	
1.053	
1.053	
1.052	
1.052	
1.051	
1.051	
1.051	
1.050	
1.050	
1.049	
1.049	
1.048	
1.048	
1.047	
1.047	
1.046	
1.046	
1.046	
1.045	
1.045	
1.044	
1.044	
1.043	
1.043	
1.043	
1.042	
1.042	
1.042	
1.041	
1.041	
1.040	
1.040	
1.039	
1.039	
1.039	
1.038	
1.038	
1.037	
1.037	
1.037	
1.036	
1.036	
1.035	
1.035	
1.035	
1.034	
1.034	
1.033	
1.033	
1.032	
1.032	
1.032	
1.031	
1.031	
1.031	
1.030	
1.030	
1.030	
1.029	
1.029	
1.028	
1.028	
1.027	
1.027	
1.027	
1.026	
1.026	
1.026	
1.025	
1.025	
1.025	
1.024	
1.024	
1.024	
1.023	
1.023	
1.022	
1.022	
1.022	
1.021	
1.021	
1.021	
1.021	
1.020	
1.020	
1.020	
1.020	
1.019	
1.019	
1.019	
1.018	
1.018	
1.018	
1.017	
1.017	
1.017	
1.017	
1.016	
1.016	
1.016	
1.015	
1.015	
1.015	
1.014	
1.014	
1.014	
1.014	
1.013	
1.013	
1.013	
1.013	
1.012	
1.012	
1.012	
1.011	
1.011	
1.011	
1.011	
1.010	
1.010	
1.010	
1.010	
1.010	
1.009	
1.009	
1.009	
1.009	
1.008	
1.008	
1.008	
1.008	
1.007	
1.007	
1.007	
1.006	
1.006	
1.006	
1.005	
1.005	
1.005	
1.005	
1.004	
1.004	
1.003	
1.003	
1.003	
1.003	
1.002	
1.002	
1.002	
1.002	
1.001	
1.001	
1.001	
1.001	
1.001	
1.001	
1.000	
1.000	
1.000	
1.000	
1.000	
1.000	
1.000	
1.000	
1.000	
1.000	
1.000	
1.000	
1.000	
1.000	
1.001	
1.001	
1.001	
1.001	
1.002	
1.002	
1.002	
1.002	
1.002	
1.002	
1.003	
1.003	
1.003	
1.003	
1.003	
1.003	
1.003	
1.003	
1.004	
1.004	
1.003	
1.003	
1.003	
1.003	
1.003	
1.003	
1.003	
1.003	
1.003	
1.003	
1.003	
1.002	
1.002	
1.002	
1.002	
1.002	
1.002	
1.001	
1.001	
1.001	
1.001	
1.001	
1.001	
1.001	
1.001	
1.001	
1.001	
1.001	
1.001	
1.001	
1.001	
1.001	
1.001	
1.001	
1.002	
1.002	
1.002	
1.002	
1.002	
1.002	
1.002	
1.003	
1.003	
1.003	
1.003	
1.003	
1.003	
1.003	
1.003	
1.003	
1.003	
1.003	
1.004	
1.004	
1.004	
1.004	
1.004	
1.004	
1.004	
1.004	
1.004	
1.004	
1.004	
1.004	
1.004	
1.005	
1.005	
1.005	
1.005	
1.006	
1.006	
1.006	
1.006	
1.006	
1.006	
1.007	
1.007	
1.007	
1.007	
1.007	
1.007	
1.008	
1.008	
1.008	
1.008	
1.008	
1.008	
1.008	
1.009	
1.009	
1.009	
1.009	
1.009	
1.009	
1.009	
1.009	
1.009	
1.009	
1.009	
1.010	
1.010	
1.010	
1.010	
1.010	
1.010	
1.010	
1.010	
1.010	
1.011	
1.011	
1.011	
1.011	
1.011	
1.011	
1.011	
1.011	
1.011	
1.012	
1.012	
1.012	
1.012	
1.012	
1.012	
1.012	
1.013	
1.013	
1.013	
1.013	
1.014	
1.014	
1.014	
1.014	
1.015	
1.015	
1.015	
1.015	
1.015	
1.016	
1.016	
1.016	
1.016	
1.016	
1.016	
1.017	
1.017	
1.017	
1.017	
1.017	
1.017	
1.017	
1.017	
1.017	
1.016	
1.016	
1.016	
1.016	
1.016	
1.016	
1.016	
1.016	
1.016	
1.016	
1.015	
1.015	
1.015	
1.015	
1.015	
1.015	
1.015	
1.015	
1.016	
1.016	
1.016	
1.016	
1.016	
1.016	
1.017	
1.017	
1.017	
1.017	
1.017	
1.018	
1.018	
1.018	
1.019	
1.019	
1.019	
1.020	
1.020	
1.020	
1.021	
1.021	
1.021	
1.022	
1.022	
1.022	
1.023	
1.023	
1.023	
1.024	
1.024	
1.024	
1.024	
1.024	
1.025	
1.025	
1.025	
1.025	
1.025	
1.026	
1.026	
1.026	
1.026	
1.027	
1.027	
1.027	
1.027	
1.028	
1.028	
1.028	
1.028	
1.028	
1.029	
1.029	
1.029	
1.029	
1.030	
1.030	
1.030	
1.030	
1.030	
1.031	
1.031	
1.031	
1.031	
1.031	
1.032	
1.032	
1.032	
1.032	
1.032	
1.033	
1.033	
1.033	
1.034	
1.034	
1.034	
1.034	
1.034	
1.035	
1.035	
1.035	
1.036	
1.036	
1.036	
1.036	
1.037	
1.037	
1.037	
1.038	
1.038	
1.038	
1.039	
1.039	
1.039	
1.040	
1.040	
1.041	
1.041	
1.041	
1.041	
1.042	
1.042	
1.042	
1.042	
1.043	
1.043	
1.043	
1.044	
1.044	
1.044	
1.044	
1.045	
1.045	
1.045	
1.045	
1.046	
1.046	
1.046	
1.046	
1.047	
1.047	
1.047	
1.047	
1.048	
1.048	
1.048	
1.048	
1.048	
1.048	
1.048	
1.049	
1.049	
1.049	
1.049	
1.049	
1.049	
1.049	
1.049	
1.049	
1.049	
1.049	
1.049	
1.049	
1.050	
1.050	
1.050	
1.050	
1.050	
1.050	
1.050	
1.050	
1.050	
1.051	
1.051	
1.051	
1.051	
1.051	
1.051	
1.051	
1.051	
1.052	
1.052	
1.052	
1.052	
1.052	
1.052	
1.052	
1.052	
1.052	
1.052	
1.051	
1.051	
1.051	
1.051	
1.051	
1.051	
1.051	
1.050	
1.050	
1.050	
1.050	
1.050	
1.050	
1.050	
1.050	
1.050	
1.050	
1.050	
1.050	
1.050	
1.050	
1.050	
1.050	
1.050	
1.050	
1.050	
1.050	
1.050	
1.050	
1.050	
1.050	
1.050	
1.050	
1.050	
1.050	
1.050	
1.050	
1.050	
1.050	
1.050	
1.050	
1.051	
1.051	
1.051	
1.051	
1.051	
1.051	
1.052	
1.052	
1.052	
1.052	
1.052	
1.053	
1.053	
1.054	
1.054	
1.055	
1.055	
1.056	
1.056	
1.057	
1.057	
1.058	
1.058	
1.059	
1.060	
1.061	
1.061	
1.062	
1.063	
1.064	
1.064	
1.065	
1.066	
1.067	
1.067	
1.068	
1.069	
1.070	
1.070	
1.071	
1.071	
1.072	
1.073	
1.074	
1.074	
1.075	
1.076	
1.077	
1.077	
1.078	
1.078	
1.079	
1.080	
1.081	
1.081	
1.082	
1.083	
1.084	
1.085	
1.086	
1.087	
1.088	
1.088	
1.089	
1.090	
1.091	
1.092	
1.093	
1.094	
1.096	
1.097	
1.099	
1.100	
1.101	
1.103	
1.105	
1.106	
1.108	
1.110	
1.112	
1.114	
1.116	
1.118	
1.120	
1.123	
1.125	
1.127	
1.130	
1.132	
1.135	
1.137	
1.139	
1.142	
1.144	
1.147	
1.149	
1.152	
1.154	
1.156	
1.159	
1.161	
1.163	
1.165	
1.167	
1.169	
1.171	
1.174	
1.176	
1.178	
1.180	
1.182	
1.184	
1.187	
1.188	
1.190	
1.192	
1.194	
1.196	
1.198	
1.200	
1.202	
1.204	
1.206	
1.208	
1.210	
1.212	
1.214	
1.216	
1.218	
1.220	
1.221	
1.223	
1.225	
1.226	
1.228	
1.230	
1.232	
1.234	
1.235	
1.237	
1.239	
1.240	
1.242	
1.244	
1.246	
1.248	
1.249	
1.251	
1.252	
1.254	
1.255	
1.257	
1.259	
1.260	
1.262	
1.264	
1.265	
1.267	
1.268	
1.270	
1.272	
1.273	
1.275	
1.277	
1.278	
1.280	
1.282	
1.283	
1.285	
1.287	
1.289	
1.290	
1.292	
1.294	
1.295	
1.297	
1.299	
1.301	
1.302	
1.304	
1.306	
1.307	
1.309	
1.311	
1.313	
1.314	
1.316	
1.318	
1.320	
1.322	
1.324	
1.325	
1.328	
1.330	
1.332	
1.334	
1.336	
1.338	
1.341	
1.343	
1.345	
1.347	
1.350	
1.352	
1.354	
1.357	
1.360	
1.363	
1.366	
1.368	
1.371	
1.374	
1.378	
1.381	
1.384	
1.387	
1.390	
1.393	
1.397	
1.400	
1.404	
1.408	
1.411	
1.415	
1.419	
1.423	
1.426	
1.430	
1.434	
1.437	
1.441	
1.445	
1.449	
1.453	
1.457	
1.461	
1.465	
1.470	
1.473	
1.477	
1.481	
1.485	
1.489	
1.493	
1.497	
1.501	
1.504	
1.508	
1.512	
1.516	
1.520	
1.523	
1.527	
1.530	
1.534	
1.537	
1.541	
1.544	
1.547	
1.551	
1.554	
1.557	
1.561	
1.564	
1.567	
1.570	
1.574	
1.576	
1.579	
1.582	
1.585	
1.588	
1.590	
1.594	
1.597	
1.600	
1.603	
1.606	
1.609	
1.612	
1.615	
1.618	
1.621	
1.623	
1.626	
1.629	
1.632	
1.635	
1.638	
1.641	
1.644	
1.647	
1.650	
1.655	
1.658	
1.661	
1.664	
1.667	
1.671	
1.674	
1.678	
1.681	
1.685	
1.689	
1.692	
1.697	
1.701	
1.705	
1.709	
1.714	
1.719	
1.724	
1.728	
1.732	
1.737	
1.741	
1.746	
1.752	
1.757	
1.763	
1.769	
1.775	
1.781	
1.787	
1.792	
1.799	
1.805	
1.810	
1.817	
1.824	
1.830	
1.837	
1.843	
1.851	
1.857	
1.865	
1.872	
1.878	
1.885	
1.892	
1.899	
1.906	
1.913	
1.919	
1.927	
1.935	
1.942	
1.949	
1.956	
1.964	
1.970	
1.977	
1.985	
1.992	
1.998	
2.006	
2.013	
2.021	
2.028	
2.036	
2.043	
2.050	
2.057	
2.064	
2.070	
2.076	
2.082	
2.089	
2.097	
2.104	
2.110	
2.117	
2.124	
2.130	
2.136	
2.143	
2.148	
2.153	
2.159	
2.165	
2.170	
2.176	
2.182	
2.189	
2.194	
2.201	
2.209	
2.216	
2.222	
2.229	
2.235	
2.241	
2.248	
2.254	
2.261	
2.269	
2.275	
2.284	
2.293	
2.300	
2.307	
2.316	
2.323	
2.330	
2.338	
2.346	
2.356	
2.365	
2.372	
2.381	
2.389	
2.399	
2.409	
2.418	
2.429	
2.440	
2.449	
2.461	
2.471	
2.479	
2.489	
2.502	
2.514	
2.526	
2.539	
2.552	
2.566	
2.577	
2.590	
2.604	
2.617	
2.630	
2.644	
2.659	
2.673	
2.688	
2.700	
2.716	
2.731	
2.747	
2.763	
2.781	
2.793	
2.807	
2.821	
2.838	
2.855	
2.869	
2.883	
2.898	
2.912	
2.927	
2.945	
2.962	
2.977	
2.992	
3.005	
3.021	
3.035	
3.048	
3.060	
3.074	
3.086	
3.102	
3.117	
3.129	
3.142	
3.151	
3.161	
3.174	
3.186	
3.198	
3.213	
3.223	
3.231	
3.240	
3.251	
3.261	
3.270	
3.277	
3.290	
3.302	
3.313	
3.323	
3.330	
3.337	
3.349	
3.358	
3.366	
3.375	
3.381	
3.386	
3.395	
3.394	
3.400	
3.407	
3.414	
3.424	
3.431	
3.439	
3.447	
3.451	
3.455	
3.461	
3.469	
3.477	
3.482	
3.485	
3.491	
3.502	
3.509	
3.520	
3.532	
3.543	
3.558	
3.567	
3.580	
3.593	
3.599	
3.607	
3.615	
3.627	
3.638	
3.654	
3.667	
3.681	
3.697	
3.717	
3.737	
3.753	
3.768	
3.783	
3.798	
3.810	
3.825	
3.833	
3.849	
3.862	
3.874	
3.890	
3.912	
3.934	
3.952	
3.965	
3.977	
3.993	
4.006	
4.020	
4.027	
4.033	
4.044	
4.053	
4.068	
4.083	
4.095	
4.109	
4.125	
4.136	
4.152	
4.164	
4.178	
4.191	
4.199	
4.207	
4.217	
4.229	
4.239	
4.246	
4.252	
4.262	
4.273	
4.279	
4.287	
4.289	
4.300	
4.309	
4.315	
4.322	
4.332	
4.340	
4.350	
4.361	
4.367	
4.379	
4.383	
4.390	
4.399	
4.403	
4.414	
4.424	
4.436	
4.454	
4.477	
4.492	
4.512	
4.520	
4.531	
4.543	
4.556	
4.569	
4.577	
4.595	
4.598	
4.610	
4.615	
4.635	
4.649	
4.669	
4.691	
4.714	
4.728	
4.741	
4.752	
4.764	
4.778	
4.796	
4.814	
4.827	
4.843	
4.863	
4.877	
4.898	
4.913	
4.947	
4.968	
4.982	
5.009	
5.033	
5.043	
5.054	
5.054	
5.070	
5.095	
5.112	
5.120	
5.136	
5.147	
5.164	
5.187	
5.192	
5.200	
5.213	
5.214	
5.220	
5.222	
5.237	
5.253	
5.267	
5.292	
5.310	
5.331	
5.351	
5.367	
5.381	
5.391	
5.399	
5.412	
5.413	
5.412	
5.422	
5.448	
5.465	
5.480	
5.502	
5.517	
5.525	
5.529	
5.551	
5.551	
5.559	
5.554	
5.569	
5.608	
5.640	
5.652	
5.668	
5.690	
5.682	
5.709	
5.724	
5.728	
5.738	
5.759	
5.795	
5.822	
5.834	
5.855	
5.878	
5.901	
5.923	
5.921	
5.947	
5.970	
5.965	
5.967	
5.991	
6.020	
6.027	
6.060	
6.059	
6.079	
6.106	
6.130	
6.134	
6.134	
6.137	
6.152	
6.164	
6.160	
6.175	
6.178	
6.235	
6.266	
6.261	
6.302	
6.324	
6.322	
6.351	
6.403	
6.430	
6.493	
6.527	
6.542	
6.591	
6.632	
6.642	
6.685	
6.730	
6.804	
6.876	
6.918	
6.934	
6.926	
6.963	
7.020	
6.997	
6.995	
7.045	
7.051	
7.085	
7.117	
7.111	
7.097	
7.132	
7.147	
7.219	
7.249	
7.242	
7.237	
7.206	
7.217	
7.237	
7.273	
7.288	
7.254	
7.289	
7.350	
7.409	
7.401	
7.463	
7.459	
7.520	
7.611	
7.666	
7.723	
7.732	
7.711	
7.721	
7.804	
7.863	
7.919	
7.948	
7.970	
7.992	
7.998	
8.078	
8.147	
8.110	
8.109	
8.149	
8.135	
8.107	
8.061	
7.971	
7.988	
7.979	
7.993	
7.966	
7.971	
7.944	
7.963	
7.953	
7.971	
8.019	
8.077	
8.148	
8.201	
8.229	
8.306	
8.374	
8.390	
8.395	
8.462	
8.573	
8.688	
8.746	
8.832	
8.817	
8.854	
8.879	
8.905	
8.952	
8.952	
9.001	
8.981	
8.955	
8.992	
9.023	
8.954	
9.015	
8.939	
9.008	
9.005	
9.069	
9.059	
8.997	
8.995	
8.911	
9.000	
9.077	
9.197	
9.265	
9.225	
9.144	
9.040	
9.033	
9.168	
9.180	
9.235	
9.283	
9.307	
9.459	
9.448	
9.541	
9.570	
9.629	
9.620	
9.631	
9.715	
9.676	
9.597	
9.600	
9.666	
9.744	
9.960	
10.165	
10.235	
10.066	
10.040	
10.026	
10.013	
9.789	
9.787	
9.974	
9.950	
9.938	
9.805	
9.890	
10.183	
10.293	
10.299	
10.345	
10.394	
10.530	
10.584	
10.745	
10.804	
10.865	
11.010	
10.961	
10.912	
11.183	
11.492	
11.499	
11.449	
11.419	
11.540	
12.013	
12.444	
12.305	
12.483	
12.891	
13.201	
13.259	
13.211	
13.271	
13.389	
13.287	
12.734	
13.084	
13.373	
13.865	
13.456	
13.621	
14.116	
14.139	
14.579	
15.056	
14.640	
14.489	
15.091	
17.125	
25.795	
27.246	
29.449	
30.761	
33.915	
35.813	
41.627	
70.632	
101.495	
293.175	
0.000	
0
